- Blood Lab

- Experiment date = 2021-11-11 13:20:35
- Experiment duration = 10.01 s
- Number of samples in measure = 0
- Sampling period = 10263.15 us
- Sampling frequency = 97 Hz
- Samples count = 975

- adc12bit
1284
1286
1288
1283
1285
1284
1287
1286
1285
1285
1286
1286
1286
1286
1286
1286
1285
1286
1285
1286
1287
1286
1286
1285
1286
1287
1287
1288
1286
1286
1287
1287
1287
1286
1285
1286
1285
1287
1286
1287
1285
1287
1287
1287
1286
1286
1287
1288
1286
1286
1286
1285
1286
1284
1286
1286
1286
1286
1286
1286
1285
1285
1287
1287
1285
1286
1287
1286
1287
1286
1286
1286
1285
1285
1287
1286
1283
1287
1284
1287
1284
1284
1285
1286
1285
1285
1284
1287
1286
1286
1285
1287
1286
1285
1287
1283
1287
1284
1285
1286
1285
1285
1284
1286
1284
1284
1286
1283
1284
1285
1284
1285
1287
1285
1284
1284
1285
1287
1287
1284
1284
1284
1285
1284
1285
1286
1285
1285
1286
1284
1285
1286
1284
1283
1286
1287
1284
1282
1284
1283
1283
1286
1283
1287
1283
1285
1289
1286
1288
1285
1287
1287
1285
1289
1284
1284
1284
1288
1289
1284
1284
1285
1287
1287
1285
1285
1285
1284
1285
1286
1286
1287
1287
1283
1283
1287
1285
1286
1283
1279
1283
1283
1283
1286
1283
1285
1283
1283
1283
1282
1285
1289
1285
1287
1285
1284
1285
1285
1284
1287
1284
1284
1287
1285
1291
1286
1287
1286
1285
1284
1284
1287
1287
1286
1284
1284
1286
1286
1285
1283
1287
1284
1284
1286
1284
1285
1283
1283
1287
1284
1288
1283
1283
1283
1286
1284
1286
1284
1283
1283
1284
1281
1283
1284
1284
1284
1283
1286
1282
1285
1284
1281
1284
1285
1284
1285
1284
1284
1283
1282
1283
1284
1286
1284
1284
1284
1286
1283
1284
1281
1283
1284
1283
1287
1284
1284
1284
1286
1283
1281
1285
1283
1287
1284
1284
1283
1284
1286
1287
1282
1287
1289
1284
1283
1283
1282
1284
1283
1284
1284
1284
1283
1283
1284
1283
1281
1286
1286
1280
1284
1283
1283
1286
1283
1284
1287
1286
1283
1284
1284
1286
1285
1285
1287
1285
1286
1283
1284
1284
1284
1284
1284
1284
1284
1286
1287
1286
1285
1282
1286
1285
1288
1284
1285
1284
1282
1284
1284
1283
1288
1284
1288
1284
1283
1286
1282
1284
1285
1283
1286
1284
1285
1287
1284
1286
1286
1284
1284
1284
1286
1286
1286
1284
1286
1286
1287
1287
1286
1285
1284
1286
1283
1286
1285
1285
1285
1282
1284
1286
1283
1285
1283
1283
1284
1283
1283
1281
1284
1283
1286
1284
1285
1284
1286
1284
1284
1285
1283
1286
1284
1283
1284
1283
1283
1284
1284
1284
1284
1284
1284
1284
1283
1284
1284
1283
1284
1284
1283
1284
1283
1283
1283
1286
1283
1287
1282
1286
1283
1284
1284
1285
1284
1284
1284
1284
1283
1283
1285
1283
1283
1285
1286
1285
1283
1285
1283
1286
1285
1283
1285
1283
1286
1284
1284
1283
1286
1285
1284
1284
1283
1285
1284
1284
1284
1284
1284
1283
1283
1283
1284
1283
1283
1283
1284
1285
1286
1281
1283
1284
1283
1284
1282
1283
1283
1282
1285
1282
1283
1280
1282
1283
1282
1283
1283
1283
1283
1283
1284
1284
1282
1281
1282
1281
1282
1283
1280
1283
1283
1281
1280
1283
1280
1282
1283
1283
1283
1284
1286
1284
1284
1286
1285
1284
1284
1285
1283
1284
1283
1284
1283
1284
1285
1287
1283
1288
1286
1286
1285
1284
1284
1286
1283
1284
1283
1284
1284
1286
1285
1284
1284
1285
1284
1284
1285
1285
1285
1282
1283
1283
1284
1284
1284
1283
1283
1284
1283
1284
1286
1284
1286
1287
1284
1283
1285
1286
1288
1284
1283
1283
1283
1283
1284
1285
1285
1285
1283
1283
1284
1283
1285
1285
1285
1284
1285
1285
1283
1283
1284
1284
1283
1284
1283
1285
1283
1284
1286
1283
1283
1285
1285
1284
1283
1285
1284
1283
1284
1287
1284
1281
1284
1283
1284
1283
1282
1283
1283
1283
1283
1283
1283
1283
1285
1286
1283
1283
1283
1283
1284
1283
1283
1283
1284
1285
1282
1282
1283
1286
1282
1281
1283
1283
1283
1284
1281
1281
1284
1281
1284
1284
1283
1282
1282
1282
1282
1283
1283
1282
1283
1286
1281
1284
1285
1282
1283
1284
1282
1283
1281
1281
1285
1282
1283
1282
1284
1284
1287
1283
1283
1286
1283
1284
1283
1283
1282
1283
1284
1283
1283
1282
1283
1284
1282
1284
1283
1284
1285
1283
1283
1283
1283
1283
1282
1282
1283
1282
1285
1283
1282
1284
1284
1283
1284
1283
1283
1282
1284
1282
1284
1283
1283
1283
1285
1284
1283
1283
1284
1284
1283
1283
1283
1284
1283
1283
1283
1283
1287
1284
1282
1281
1284
1282
1283
1283
1283
1282
1284
1284
1284
1284
1283
1282
1283
1283
1283
1283
1282
1283
1283
1283
1283
1283
1284
1284
1283
1283
1284
1285
1284
1282
1284
1283
1282
1283
1284
1283
1281
1282
1283
1282
1282
1282
1284
1284
1283
1282
1282
1283
1284
1284
1283
1283
1283
1286
1284
1283
1282
1283
1283
1283
1284
1283
1285
1282
1282
1282
1286
1283
1285
1282
1283
1282
1282
1283
1284
1282
1282
1284
1282
1284
1284
1284
1283
1284
1283
1284
1283
1283
1284
1284
1283
1282
1283
1284
1283
1283
1284
1284
1283
1283
1283
1282
1282
1283
1284
1283
1282
1284
1283
1284
1284
1283
1282
1283
1283
1283
1283
1282
1283
1282
1283
1282
1282
1283
1286
1284
1284
1282
1283
1283
1283
1284
1283
1283
1281
1283
1283
1281
1282
1281
1282
1283
1283
1282
1282
1284
1282
1282
1281
1283
1281
1283
1281
1283
1284
1283
1281
1283
1282
1281
1284
1284
1283
1282
1281
1283
1284
1283
1281
1283
1281
1282
1283
1283
1283
1281
1282
1285
1284
1283
1283
1283
1281
1283
1283
1283
1283
1282
1283
1281
1282
1282
1281
1283
1281
1282
1283
1283
1283
1283
1282
1283
1281
1281
1284
1283
1281
1283
1284
1282
1282
1281
1283
1283
1284
1283
