- Blood Lab

- Experiment date = 2021-11-11 13:32:36
- Experiment duration = 60.01 s
- Number of samples in measure = 0
- Sampling period = 10298.38 us
- Sampling frequency = 97 Hz
- Samples count = 5827

- adc12bit
147
148
148
148
147
148
148
147
147
147
148
147
148
147
147
148
148
148
147
147
147
147
148
147
147
147
147
147
147
147
147
147
148
147
147
147
148
147
147
147
147
147
147
147
147
147
147
147
147
147
147
147
147
147
147
147
147
147
147
147
147
147
147
147
147
147
147
147
147
148
148
148
147
147
148
149
150
154
158
163
167
172
178
185
190
199
210
222
231
237
240
247
255
261
270
274
277
279
279
279
280
278
277
274
272
269
266
264
263
261
260
259
258
257
256
255
255
254
253
253
253
252
252
251
250
250
249
250
249
249
248
248
248
248
248
248
248
248
252
261
275
291
311
332
353
377
399
418
435
448
457
463
465
465
463
458
452
447
444
440
437
434
432
430
428
426
425
424
422
421
420
419
417
417
415
415
413
413
412
411
409
409
408
408
407
411
428
454
482
519
550
582
615
650
678
703
724
739
749
754
753
748
740
732
725
718
713
709
707
702
698
696
694
691
689
687
685
683
681
681
679
677
676
674
674
671
671
670
669
665
668
686
715
753
799
846
886
933
987
1038
1074
1109
1132
1148
1159
1159
1158
1148
1139
1129
1121
1115
1106
1103
1097
1093
1088
1084
1081
1077
1075
1072
1071
1068
1067
1065
1062
1062
1059
1059
1056
1056
1053
1050
1049
1050
1055
1087
1131
1187
1244
1304
1366
1422
1492
1542
1585
1613
1643
1653
1660
1660
1655
1641
1632
1621
1615
1609
1604
1598
1593
1592
1587
1582
1577
1575
1573
1570
1568
1568
1563
1562
1559
1560
1558
1553
1552
1551
1551
1547
1545
1545
1544
1542
1539
1540
1537
1532
1536
1534
1532
1530
1529
1528
1527
1527
1528
1530
1531
1531
1530
1532
1531
1528
1526
1535
1560
1583
1619
1654
1695
1742
1792
1848
1894
1948
1995
2044
2086
2116
2147
2176
2193
2209
2223
2232
2239
2244
2241
2241
2238
2235
2227
2217
2213
2208
2201
2199
2196
2195
2193
2189
2186
2189
2180
2179
2178
2177
2174
2172
2170
2172
2167
2167
2164
2163
2159
2157
2157
2152
2152
2152
2148
2150
2146
2145
2145
2145
2143
2143
2141
2143
2140
2138
2138
2136
2144
2175
2211
2252
2299
2359
2423
2480
2533
2592
2647
2701
2741
2771
2792
2812
2830
2829
2836
2836
2827
2816
2812
2803
2801
2796
2792
2786
2785
2780
2775
2772
2769
2768
2766
2764
2759
2757
2756
2752
2750
2752
2745
2748
2743
2745
2739
2742
2737
2735
2732
2732
2732
2729
2726
2728
2721
2732
2721
2720
2726
2718
2717
2719
2715
2717
2716
2716
2713
2713
2716
2710
2710
2712
2707
2707
2708
2706
2703
2702
2703
2702
2700
2697
2696
2698
2695
2695
2695
2697
2695
2695
2692
2691
2687
2691
2691
2686
2687
2685
2685
2686
2683
2683
2683
2682
2681
2680
2684
2680
2680
2676
2679
2680
2686
2679
2675
2677
2680
2679
2676
2676
2673
2679
2672
2675
2672
2672
2671
2669
2668
2665
2668
2668
2671
2669
2666
2670
2664
2666
2667
2663
2663
2665
2663
2663
2662
2663
2663
2659
2662
2660
2663
2656
2662
2662
2660
2657
2656
2660
2656
2659
2659
2660
2660
2655
2656
2656
2656
2655
2657
2655
2654
2652
2656
2652
2655
2654
2652
2649
2650
2654
2652
2654
2649
2649
2652
2652
2652
2649
2648
2649
2647
2649
2647
2648
2648
2647
2648
2647
2646
2646
2647
2642
2647
2646
2647
2646
2646
2645
2644
2643
2646
2643
2640
2645
2642
2641
2641
2641
2645
2641
2641
2644
2636
2642
2642
2637
2639
2641
2639
2636
2640
2635
2632
2636
2636
2638
2636
2639
2636
2635
2635
2635
2635
2636
2634
2635
2634
2632
2635
2630
2636
2627
2631
2631
2635
2634
2631
2629
2631
2631
2630
2631
2633
2631
2632
2630
2630
2630
2628
2629
2628
2628
2631
2627
2627
2631
2628
2630
2630
2630
2628
2624
2628
2627
2631
2623
2623
2630
2627
2624
2624
2624
2622
2622
2625
2625
2626
2623
2627
2622
2624
2624
2627
2623
2623
2623
2620
2620
2621
2623
2620
2621
2618
2622
2623
2621
2623
2620
2623
2621
2620
2619
2619
2620
2620
2618
2617
2620
2619
2620
2619
2620
2617
2615
2617
2617
2615
2615
2616
2615
2618
2616
2617
2615
2614
2615
2611
2610
2615
2615
2612
2612
2616
2611
2615
2612
2611
2612
2615
2616
2616
2613
2610
2615
2615
2616
2611
2613
2611
2612
2611
2611
2614
2609
2610
2609
2611
2608
2611
2610
2608
2612
2608
2609
2610
2608
2609
2608
2606
2609
2609
2611
2608
2611
2609
2610
2608
2609
2611
2609
2607
2611
2604
2606
2604
2607
2608
2606
2607
2604
2607
2602
2606
2606
2606
2605
2607
2608
2604
2604
2601
2600
2601
2601
2600
2601
2599
2598
2599
2599
2595
2598
2598
2594
2593
2590
2593
2590
2588
2584
2583
2579
2577
2572
2570
2564
2562
2561
2559
2553
2553
2556
2548
2542
2546
2538
2539
2532
2533
2528
2525
2524
2519
2520
2520
2515
2511
2508
2505
2505
2504
2497
2496
2495
2488
2489
2486
2480
2478
2479
2476
2472
2471
2465
2464
2463
2460
2459
2454
2452
2456
2448
2445
2440
2439
2438
2436
2431
2431
2428
2427
2421
2422
2418
2416
2412
2409
2408
2405
2406
2401
2399
2398
2396
2392
2392
2387
2385
2384
2383
2382
2376
2375
2371
2371
2369
2363
2362
2359
2360
2358
2353
2352
2347
2345
2343
2340
2338
2339
2334
2335
2331
2328
2326
2325
2320
2319
2315
2316
2310
2307
2304
2303
2300
2297
2299
2294
2292
2292
2288
2284
2283
2281
2277
2276
2272
2271
2268
2268
2271
2262
2264
2263
2259
2257
2254
2253
2249
2247
2244
2241
2237
2238
2234
2232
2230
2231
2228
2225
2227
2220
2216
2214
2213
2211
2209
2207
2204
2203
2201
2198
2191
2191
2193
2190
2186
2183
2183
2180
2179
2175
2172
2172
2168
2168
2165
2165
2163
2159
2160
2155
2156
2155
2151
2152
2147
2146
2141
2141
2137
2136
2136
2130
2129
2127
2124
2118
2119
2112
2117
2113
2113
2111
2107
2108
2108
2105
2099
2098
2096
2093
2090
2089
2086
2085
2084
2084
2081
2078
2075
2076
2072
2070
2066
2066
2063
2062
2061
2057
2057
2053
2054
2052
2051
2048
2044
2044
2040
2040
2039
2036
2035
2031
2031
2031
2024
2022
2023
2020
2019
2016
2012
2014
2008
2008
2008
2006
2002
2002
1998
1997
1993
1995
1991
1990
1989
1984
1983
1980
1979
1977
1976
1975
1970
1971
1969
1968
1964
1960
1960
1960
1958
1958
1954
1951
1951
1950
1945
1944
1944
1942
1943
1941
1940
1936
1933
1931
1928
1928
1924
1924
1927
1921
1917
1912
1912
1913
1910
1908
1904
1905
1903
1900
1903
1894
1893
1892
1892
1889
1887
1887
1883
1884
1880
1880
1876
1876
1876
1874
1869
1869
1868
1864
1862
1860
1860
1857
1857
1855
1851
1851
1852
1846
1847
1846
1844
1843
1843
1839
1839
1838
1835
1831
1828
1829
1823
1823
1820
1820
1819
1815
1809
1811
1808
1806
1808
1803
1803
1801
1797
1798
1798
1793
1791
1789
1788
1786
1784
1784
1780
1779
1774
1776
1773
1772
1769
1768
1766
1765
1763
1760
1764
1757
1756
1756
1753
1752
1748
1749
1749
1747
1747
1747
1747
1744
1741
1736
1734
1729
1728
1727
1725
1722
1724
1720
1720
1719
1718
1714
1714
1711
1708
1707
1706
1706
1701
1702
1698
1696
1695
1695
1692
1690
1688
1688
1686
1682
1683
1679
1678
1675
1674
1673
1672
1671
1670
1668
1667
1663
1664
1663
1659
1659
1658
1658
1657
1656
1654
1654
1652
1648
1646
1642
1642
1639
1639
1635
1636
1635
1630
1628
1627
1625
1624
1625
1620
1620
1620
1620
1614
1615
1612
1613
1610
1607
1606
1606
1601
1600
1601
1600
1596
1595
1592
1593
1589
1588
1587
1586
1584
1582
1580
1579
1577
1577
1575
1574
1575
1575
1575
1574
1574
1571
1571
1568
1567
1563
1561
1560
1558
1555
1555
1553
1549
1550
1548
1544
1543
1542
1545
1540
1539
1540
1536
1534
1534
1531
1531
1527
1528
1527
1523
1524
1522
1520
1517
1516
1518
1514
1513
1509
1510
1508
1507
1505
1504
1502
1500
1499
1500
1497
1498
1497
1499
1499
1495
1495
1494
1494
1488
1487
1484
1482
1479
1478
1476
1476
1475
1473
1471
1470
1468
1465
1464
1465
1463
1460
1458
1459
1457
1456
1452
1451
1450
1448
1445
1445
1446
1444
1439
1439
1439
1438
1436
1436
1433
1432
1430
1430
1428
1427
1424
1423
1425
1421
1421
1423
1426
1424
1422
1423
1422
1418
1417
1414
1413
1411
1408
1406
1402
1400
1398
1399
1399
1392
1394
1392
1392
1389
1387
1386
1387
1383
1384
1383
1379
1379
1377
1375
1375
1375
1370
1371
1368
1366
1365
1364
1363
1362
1358
1358
1357
1356
1354
1352
1352
1350
1349
1352
1352
1353
1352
1354
1355
1353
1352
1348
1348
1344
1342
1339
1335
1330
1329
1329
1326
1324
1324
1323
1323
1319
1320
1318
1317
1316
1316
1316
1312
1311
1311
1308
1306
1305
1304
1303
1300
1299
1298
1297
1295
1295
1295
1293
1291
1289
1287
1287
1285
1284
1285
1283
1283
1283
1286
1287
1287
1286
1287
1287
1287
1280
1279
1280
1274
1271
1269
1268
1268
1266
1263
1260
1261
1260
1259
1257
1257
1254
1253
1252
1251
1250
1248
1248
1247
1247
1244
1244
1242
1239
1239
1237
1236
1235
1235
1232
1231
1231
1228
1228
1229
1223
1226
1225
1225
1226
1228
1232
1232
1230
1234
1231
1230
1229
1227
1224
1222
1219
1217
1215
1212
1209
1207
1205
1203
1202
1200
1199
1199
1198
1196
1196
1194
1192
1192
1192
1190
1188
1187
1187
1187
1183
1182
1181
1181
1179
1179
1178
1176
1175
1175
1172
1171
1170
1171
1168
1168
1169
1168
1173
1173
1175
1176
1176
1176
1174
1173
1171
1170
1166
1165
1164
1161
1158
1156
1154
1151
1150
1148
1147
1144
1143
1144
1142
1141
1140
1138
1137
1137
1136
1133
1132
1131
1131
1128
1127
1127
1125
1124
1123
1121
1120
1120
1118
1116
1116
1116
1115
1114
1111
1116
1116
1118
1119
1122
1123
1124
1122
1120
1119
1116
1114
1112
1112
1109
1107
1105
1104
1102
1100
1097
1097
1095
1094
1092
1089
1088
1087
1086
1085
1084
1084
1082
1081
1080
1079
1077
1075
1075
1072
1072
1071
1071
1068
1068
1067
1064
1065
1064
1062
1061
1060
1059
1059
1061
1062
1064
1065
1069
1069
1070
1069
1068
1068
1066
1063
1061
1059
1059
1057
1055
1052
1051
1049
1047
1047
1044
1043
1041
1040
1038
1038
1037
1036
1036
1033
1032
1032
1030
1030
1028
1027
1025
1025
1021
1022
1020
1019
1019
1017
1016
1016
1016
1012
1013
1010
1011
1010
1012
1016
1016
1020
1021
1023
1022
1021
1019
1018
1018
1016
1015
1013
1013
1009
1009
1009
1005
1005
1002
1000
1000
1000
999
997
995
995
996
995
994
993
991
992
989
987
986
986
984
983
982
981
983
980
977
977
976
975
972
973
971
970
971
973
976
978
981
983
984
983
981
981
979
979
977
977
975
974
972
971
969
968
967
964
965
961
962
961
959
959
957
956
956
954
952
951
950
948
947
946
945
944
943
942
940
939
938
937
935
934
932
931
930
930
928
929
931
932
935
937
939
940
939
940
939
939
937
936
935
934
933
933
932
931
929
927
926
924
924
923
921
920
920
919
917
915
914
913
912
911
910
909
907
905
904
904
902
901
899
899
896
896
894
894
892
892
890
889
888
890
891
893
896
897
900
899
900
899
900
899
897
896
896
896
894
894
892
891
889
888
886
885
884
883
881
880
880
881
877
877
877
873
873
871
871
870
872
867
869
865
864
863
862
861
860
859
858
857
856
854
852
852
851
851
852
854
854
857
860
860
860
860
860
860
858
859
859
856
856
856
854
854
852
851
849
848
846
846
842
844
845
841
843
840
840
838
836
835
835
833
834
831
830
830
828
828
826
827
825
824
824
823
821
820
819
819
818
818
819
822
824
826
827
828
828
830
828
828
827
827
825
826
824
823
822
821
820
819
817
816
816
813
813
813
812
810
809
809
809
808
807
807
806
805
805
803
803
801
800
800
802
799
799
797
796
796
796
795
793
793
795
795
798
800
803
802
802
804
803
803
802
802
801
800
799
799
797
797
795
793
792
791
791
789
789
787
786
785
784
783
782
782
781
781
779
779
777
778
776
775
775
773
773
772
772
771
768
768
768
767
765
766
766
769
770
771
775
773
774
774
774
772
772
771
770
769
769
768
767
766
764
763
763
761
761
760
758
758
758
757
755
754
754
753
753
752
750
750
749
749
748
747
746
745
745
743
743
741
741
740
740
739
739
739
740
742
743
744
746
745
745
745
745
743
743
742
741
741
740
739
738
736
735
735
733
733
732
731
730
730
728
729
729
727
727
727
725
726
724
724
723
722
721
721
719
719
718
717
717
716
717
716
715
715
716
717
719
720
720
720
720
721
720
719
719
718
718
716
716
714
714
712
711
711
710
710
708
708
708
707
707
705
705
705
705
703
703
703
703
702
700
700
699
700
697
697
697
696
696
695
693
693
694
695
694
696
696
697
697
696
697
696
697
696
696
695
694
693
692
692
691
689
689
688
687
686
686
685
685
684
683
684
683
683
681
682
681
681
680
680
679
679
678
678
676
676
676
676
675
673
673
672
674
673
674
676
676
678
678
677
677
677
677
675
676
675
674
673
673
672
671
672
670
669
669
668
668
667
667
665
666
664
665
664
663
663
663
662
662
662
660
660
659
659
659
658
656
657
657
656
655
655
654
654
654
655
656
656
658
657
658
657
658
657
657
657
656
655
655
654
653
653
652
652
651
650
649
649
647
648
647
647
647
646
645
644
646
644
643
643
642
642
642
641
640
640
639
639
639
638
637
637
637
636
635
635
635
634
635
636
637
638
638
639
639
639
637
637
638
637
636
635
635
634
633
633
632
632
631
631
630
629
628
629
628
627
627
626
626
626
625
625
625
625
624
622
622
623
622
621
620
620
619
619
619
617
618
616
616
615
615
615
616
615
616
617
618
618
620
620
619
619
618
618
618
617
616
616
616
615
614
614
613
613
611
611
611
611
611
610
609
609
608
609
609
608
608
607
607
606
606
605
606
605
604
603
602
602
601
602
600
600
599
600
599
598
598
598
599
600
600
601
601
601
602
602
600
600
601
600
599
599
599
598
596
596
596
596
595
595
594
595
593
594
593
593
593
592
592
591
591
591
590
591
590
589
589
590
589
590
587
588
587
586
586
585
585
584
585
584
584
584
584
586
587
587
588
588
588
588
587
587
586
585
586
584
584
583
585
581
582
581
581
581
579
579
579
579
578
578
578
577
577
577
576
575
575
574
574
573
573
572
572
572
571
571
569
570
569
569
568
568
567
567
566
566
565
565
566
567
568
568
568
569
569
568
568
569
567
566
566
566
564
565
563
563
563
561
561
561
560
560
559
559
558
558
557
557
557
556
556
556
554
554
554
554
552
552
551
551
550
549
549
549
548
547
547
547
545
544
544
544
543
543
543
543
546
545
544
546
546
547
544
545
545
545
545
543
543
542
543
541
541
541
540
539
538
538
536
537
535
535
535
534
534
532
532
531
531
530
529
528
528
528
527
527
526
526
524
525
524
524
522
521
521
521
520
519
519
519
520
521
522
522
522
521
522
521
520
520
520
519
519
518
517
517
516
515
515
514
514
512
512
512
511
510
510
510
509
509
508
508
508
507
506
506
505
505
504
503
504
503
503
502
501
500
500
499
500
499
498
498
497
498
498
499
498
499
500
499
499
499
499
499
498
497
497
497
495
496
495
495
494
493
493
492
492
492
492
491
491
490
490
489
489
489
488
488
487
487
487
487
487
485
486
485
484
484
484
483
483
483
482
482
481
481
482
482
482
484
483
484
484
484
483
484
483
483
482
481
481
480
480
480
479
479
479
478
478
478
477
477
476
476
475
475
475
475
473
474
474
474
472
471
471
471
470
470
470
469
469
468
468
467
466
467
466
465
465
466
467
467
467
467
468
467
467
467
467
466
466
465
464
464
464
464
463
463
462
462
461
461
460
460
459
459
459
458
458
458
457
458
457
456
455
455
456
455
454
454
453
453
453
452
452
451
450
451
450
450
450
450
451
451
451
452
452
451
451
451
451
450
450
449
448
448
448
447
447
447
447
446
445
444
445
444
444
443
443
443
443
441
442
441
440
441
440
439
439
439
438
438
437
437
437
437
435
435
435
435
434
434
434
435
436
435
436
436
436
436
435
435
435
435
434
433
433
432
432
432
431
430
430
430
430
430
429
428
428
428
427
427
427
427
427
426
425
425
424
424
424
423
423
423
423
422
421
420
421
420
420
420
420
420
420
421
422
422
422
422
422
422
422
422
421
420
421
420
419
419
418
418
417
417
416
417
416
416
415
415
414
414
414
414
414
413
412
413
411
411
411
410
410
409
409
409
408
408
407
407
407
407
407
406
406
406
407
407
407
408
407
407
407
407
407
406
406
406
406
405
405
405
404
404
404
403
403
403
403
402
403
402
402
402
402
401
400
401
400
400
400
399
400
399
398
398
398
398
397
397
397
396
396
396
396
395
395
395
396
397
397
398
398
398
398
398
397
396
396
396
396
395
394
394
394
394
394
393
393
392
392
392
391
391
391
391
390
390
390
390
389
390
389
389
388
388
387
387
387
387
387
386
385
385
385
385
385
384
384
384
384
384
384
385
385
385
385
386
385
384
385
384
383
384
383
382
382
382
381
381
381
381
380
380
380
378
379
379
379
379
378
378
378
377
377
377
376
376
376
375
375
375
375
374
374
373
373
373
373
372
371
372
371
371
371
372
372
372
373
372
373
372
373
372
372
371
371
371
371
370
370
369
369
369
368
368
368
368
368
367
367
367
367
366
366
366
366
365
366
365
365
364
364
364
363
363
363
362
363
362
361
361
361
360
360
360
360
360
359
359
360
359
359
360
361
360
360
361
360
360
359
359
359
359
358
358
357
357
357
357
356
356
356
355
356
355
355
355
355
354
354
354
354
353
353
353
353
352
352
352
352
351
351
351
351
350
350
349
349
349
349
348
348
348
348
348
348
347
347
348
348
348
348
349
348
348
348
348
348
348
347
346
346
346
345
345
345
344
344
344
344
344
344
343
344
343
342
343
342
342
341
341
341
340
341
340
340
340
339
339
339
339
339
338
338
338
338
337
337
337
336
336
336
337
337
337
337
338
337
337
337
337
337
336
335
336
335
335
335
335
335
335
335
336
336
336
336
337
336
336
336
335
334
334
334
334
333
333
333
333
332
332
333
333
331
332
332
332
331
331
331
331
331
331
331
330
330
329
329
330
330
330
331
331
331
331
330
330
329
329
329
329
329
329
329
329
329
329
328
329
329
329
328
328
329
329
329
329
329
329
328
329
328
328
328
328
328
328
328
327
328
328
328
328
328
327
327
327
327
326
326
326
326
325
325
325
325
326
326
326
326
326
326
326
326
325
325
325
325
324
323
323
324
323
323
323
322
322
322
322
321
321
321
321
320
320
320
320
320
320
319
319
319
319
318
318
318
317
317
317
317
317
316
316
316
315
315
315
315
314
314
314
314
314
314
314
315
314
315
315
314
314
314
314
314
313
313
312
312
312
312
311
312
311
310
310
311
310
310
311
310
310
310
309
309
309
309
309
309
309
309
309
308
309
309
309
308
309
308
308
308
307
307
307
307
307
307
308
307
307
308
308
308
309
309
309
309
309
309
308
308
308
308
308
308
307
307
307
307
307
307
306
306
307
306
306
307
307
307
307
307
307
307
307
307
306
306
306
306
306
306
305
305
305
305
304
304
304
304
304
303
303
302
302
302
301
301
302
302
302
302
303
302
303
302
301
302
301
301
300
300
300
299
299
298
298
298
297
297
297
297
297
296
296
297
296
296
297
296
296
296
296
295
295
296
295
294
294
294
294
294
293
293
294
293
293
293
293
292
292
291
292
291
291
293
293
293
293
293
293
292
293
293
292
292
291
291
291
291
290
290
290
290
290
290
289
289
289
288
288
289
288
288
288
288
288
287
287
287
287
287
286
287
286
286
286
286
285
286
285
285
285
285
284
284
284
284
284
284
284
284
284
285
284
285
284
284
285
284
284
284
283
283
283
283
282
282
282
282
282
281
281
281
282
281
281
281
281
281
280
280
280
280
280
280
280
280
280
279
279
279
279
278
278
279
278
278
278
278
278
278
278
278
277
277
277
278
279
278
279
279
279
279
279
279
279
278
278
278
278
277
277
277
277
278
277
277
277
276
277
277
276
276
277
277
276
276
276
276
276
275
276
275
276
275
275
274
274
274
275
274
274
274
274
274
274
273
273
273
273
273
273
274
274
274
275
275
275
274
275
274
274
274
273
273
273
273
273
273
272
272
272
272
271
272
272
271
271
271
271
271
270
270
270
270
270
270
269
269
269
269
269
269
269
268
269
268
268
268
268
268
268
268
267
267
267
267
267
267
269
268
269
269
269
269
269
269
269
269
269
268
268
268
268
268
267
267
267
266
267
267
267
266
267
266
267
267
266
266
266
266
266
266
265
265
265
265
265
265
265
265
264
264
264
264
263
263
263
263
263
263
263
263
264
264
264
264
264
264
263
263
263
263
263
263
262
263
262
262
262
262
262
262
261
261
261
261
261
261
261
261
261
261
261
261
260
260
260
260
260
260
260
259
259
259
259
258
258
258
258
258
258
258
258
258
258
258
258
258
258
258
258
259
258
258
259
259
259
259
259
259
258
258
258
257
257
257
256
256
256
256
256
257
256
256
256
256
256
256
255
255
256
255
255
255
255
255
255
255
255
255
255
254
254
254
254
254
254
254
254
254
255
255
254
255
255
255
255
254
254
254
254
254
254
253
253
253
253
253
253
253
253
252
253
252
253
252
252
252
252
252
252
252
252
251
251
251
251
251
251
250
250
250
250
250
250
250
250
250
249
250
250
250
250
250
250
250
250
250
250
250
250
249
249
249
249
249
248
248
248
248
248
248
248
248
248
248
248
247
247
247
247
247
248
247
247
247
247
246
246
246
246
246
246
246
245
246
245
245
245
245
244
245
244
245
245
245
245
246
245
246
245
245
244
245
244
244
244
244
244
244
243
243
243
243
243
243
243
243
243
243
243
243
242
242
242
242
242
242
242
242
242
242
242
242
242
242
242
242
241
241
241
241
241
242
241
242
242
242
243
243
243
243
243
243
243
243
242
242
242
242
241
241
242
241
241
242
241
241
241
241
241
241
241
241
241
241
241
241
240
240
240
240
240
240
240
239
239
239
239
239
239
239
239
239
239
239
238
238
239
239
239
239
239
239
239
239
239
239
238
238
238
238
238
238
237
238
237
237
237
237
237
237
237
236
236
237
237
236
236
236
236
236
236
236
236
236
236
235
235
235
235
235
235
235
235
234
235
234
234
234
234
234
234
234
234
234
234
234
234
235
235
235
235
234
234
234
234
234
234
234
233
233
233
233
233
233
233
232
232
232
232
232
232
232
232
232
232
232
232
231
231
231
231
231
231
231
231
231
231
231
230
231
231
230
230
230
230
230
230
230
230
230
230
230
230
230
230
231
231
231
231
231
231
231
230
230
230
230
230
231
230
230
230
231
231
231
231
231
231
231
231
232
231
231
231
231
231
231
231
232
232
232
232
232
232
232
232
232
232
232
232
232
231
231
231
231
231
231
231
231
231
230
231
231
232
232
232
232
232
232
232
231
231
231
231
231
231
230
230
230
230
229
229
229
229
229
229
228
229
228
228
228
228
228
228
228
228
228
227
227
227
227
226
226
226
226
225
225
225
225
225
225
225
225
224
224
225
224
224
225
225
225
225
225
225
225
225
225
225
225
224
224
224
224
223
223
223
223
223
223
223
223
223
223
223
223
223
223
222
223
222
223
222
222
222
222
222
222
222
222
222
222
222
222
222
222
222
222
222
222
221
221
221
222
222
222
222
222
223
223
223
224
223
224
223
223
223
223
223
222
222
222
222
222
222
222
222
222
222
222
222
222
222
222
222
222
222
222
222
221
222
221
222
222
222
222
222
221
222
221
221
221
221
221
221
221
221
221
221
221
221
221
221
222
222
222
222
222
222
222
222
222
222
222
221
221
221
221
221
221
221
220
220
220
220
220
220
220
220
220
219
219
219
219
219
219
220
219
219
219
219
219
219
218
219
218
218
218
218
218
218
218
218
218
218
218
218
218
218
218
218
218
218
218
218
218
218
218
218
218
218
218
218
218
217
217
217
217
217
217
216
216
216
216
216
216
216
216
216
216
216
216
216
215
216
215
215
215
215
215
215
215
215
215
215
215
215
215
215
215
215
214
214
214
214
214
214
214
214
214
215
214
215
215
215
215
215
215
215
215
215
215
214
215
215
214
214
214
214
214
214
214
214
214
214
214
214
213
213
213
213
213
213
213
213
213
213
213
212
212
213
212
212
212
212
212
212
212
212
212
212
211
212
212
212
211
211
212
212
212
212
212
212
213
213
212
212
213
212
212
211
212
211
212
211
211
211
212
211
211
211
211
211
211
211
211
211
211
211
211
211
211
211
211
211
211
211
210
210
210
210
210
210
210
210
210
210
210
210
210
210
210
210
209
209
209
209
210
209
209
210
210
210
210
210
210
210
210
209
210
209
209
209
209
209
208
209
208
209
209
209
209
209
209
209
209
209
209
208
208
208
208
208
208
208
208
208
208
208
208
208
208
209
208
208
209
209
208
208
208
209
209
208
209
209
209
209
210
210
210
210
210
210
210
210
210
209
209
209
209
209
210
210
210
209
209
209
209
209
210
210
210
209
209
210
210
209
209
209
209
209
209
209
209
209
209
208
209
209
208
208
208
208
208
207
208
208
208
208
208
208
208
208
209
208
209
209
209
209
209
209
209
209
208
208
208
208
208
208
208
208
208
207
207
207
207
207
207
207
207
207
207
208
207
207
207
208
207
207
207
207
207
207
207
207
207
207
207
207
206
206
206
206
206
206
206
206
206
206
206
206
206
206
206
206
206
206
206
206
206
206
206
206
206
206
206
206
205
205
205
205
205
205
205
205
205
205
205
205
205
205
205
205
205
205
205
205
205
205
205
205
205
205
205
204
204
205
204
205
204
204
205
204
205
205
204
204
204
205
205
205
205
205
205
206
206
205
205
205
205
205
205
204
204
204
204
204
204
204
204
204
204
203
203
203
203
203
203
204
203
203
204
203
203
203
203
203
203
203
203
203
203
203
203
203
203
203
202
202
203
202
202
202
202
202
203
203
202
203
203
203
203
204
203
204
204
204
204
204
204
204
204
204
203
203
203
203
202
203
202
202
202
202
202
202
202
202
202
201
201
202
201
201
201
201
201
201
201
201
201
201
201
200
201
200
200
200
200
200
200
200
200
200
200
199
200
199
199
199
199
199
199
199
199
199
199
199
199
199
200
200
200
200
200
200
199
200
199
199
199
199
199
199
200
200
199
199
199
199
200
200
200
200
200
200
200
200
200
200
200
201
200
200
200
200
200
200
200
200
200
199
200
200
200
200
200
199
199
199
199
199
199
199
199
199
199
199
200
200
200
200
200
201
200
200
200
200
200
200
199
199
199
199
200
199
199
199
199
199
199
199
199
198
198
198
198
198
198
198
198
198
198
198
198
197
198
197
197
197
197
197
197
197
197
197
197
196
197
196
197
197
197
196
196
196
196
196
196
197
196
197
197
197
197
197
197
197
197
196
196
196
196
196
196
196
196
196
196
196
196
196
195
195
195
195
196
195
195
195
195
195
195
195
195
195
195
195
195
195
194
195
194
194
194
194
194
194
194
194
194
194
194
194
194
194
194
194
194
194
194
194
194
194
194
195
194
194
194
195
194
194
194
194
194
194
194
193
193
193
194
194
193
193
194
194
194
193
193
193
193
193
193
193
194
194
194
194
194
194
194
193
194
193
194
194
194
194
194
194
194
194
194
194
194
194
194
194
194
194
194
194
195
195
195
195
195
195
195
195
195
195
195
195
195
195
195
195
194
194
194
194
194
194
194
194
194
194
194
194
193
194
193
193
193
193
193
193
193
193
193
193
193
193
193
192
192
192
192
192
192
192
192
192
192
192
192
192
192
192
192
192
191
191
192
192
192
192
192
192
192
192
192
192
192
192
191
192
191
191
191
191
191
191
191
191
191
191
190
191
190
190
190
190
191
190
190
190
190
191
190
190
190
190
190
190
190
190
189
189
189
189
189
189
189
189
189
189
189
189
189
189
189
189
189
189
189
189
189
189
189
190
189
189
189
189
189
189
189
189
189
188
189
189
188
188
188
188
188
188
188
188
188
188
188
188
189
189
188
188
189
188
