- Jet Lab

- Experiment date = 2021-11-18 13:53:29
- Number of samples in measure = 1800
- Number of motor steps between measures = 1
- Measures count = 1800

- adc12bit
1059
1052
1064
1048
1067
1057
1056
1052
1066
1047
1057
1047
1052
1057
1057
1050
1056
1053
1056
1053
1054
1063
1049
1063
1054
1063
1056
1064
1057
1064
1049
1058
1056
1063
1059
1053
1060
1055
1061
1065
1064
1058
1066
1062
1059
1060
1064
1057
1062
1060
1068
1058
1059
1055
1020
1055
1064
1055
1064
1056
1059
1056
1063
1056
1067
1058
1064
1023
1062
1056
1067
1052
1064
1050
1065
1057
1068
1064
1068
1070
1060
1064
1064
1054
1063
1060
1064
1066
1057
1066
1059
1063
1065
1062
1062
1064
1064
1067
1058
1070
1059
1056
1058
1057
1052
1056
1048
1060
1055
1058
1052
1060
1046
1062
1052
1056
1054
1052
1056
1059
1048
1058
1060
1060
1059
1056
1064
1056
1065
1060
1031
1056
1051
1054
1052
1050
1058
1056
1060
1048
1061
1059
1061
1060
1064
1056
1060
1057
1063
1063
1052
1056
1058
1058
1056
1061
1052
1058
1053
1060
1052
1059
1056
1059
1054
1058
1057
1060
1052
1064
1053
1033
1051
1055
1061
1065
1054
1055
1056
1030
1057
1054
1062
1055
1064
1056
1068
1055
1066
1046
1063
1055
1060
1053
1065
1050
1068
1055
1061
1054
1058
1054
1058
1047
1060
1056
1059
1056
1058
1054
1059
1054
1060
1059
1058
1059
1060
1062
1059
1057
1060
1066
1052
1063
1054
1056
1052
1058
1052
1058
1056
1058
1049
1061
1056
1057
1050
1058
1030
1057
1063
1064
1066
1066
1059
1060
1068
1057
1068
1058
1069
1064
1068
1059
1069
1064
1075
1062
1075
1056
1070
1052
1069
1054
1068
1059
1064
1065
1065
1056
1066
1060
1067
1056
1067
1054
1060
1051
1067
1063
1068
1060
1068
1064
1063
1063
1056
1050
1061
1061
1068
1058
1065
1066
1063
1057
1059
1066
1066
1062
1060
1065
1062
1072
1057
1060
1056
1023
1048
1062
1052
1065
1054
1060
1051
1060
1050
1060
1052
1061
1059
1050
1056
1057
1053
1055
1061
1060
1061
1058
1064
1051
1068
1052
1064
1054
1060
1054
1062
1052
1065
1047
1064
1052
1051
1046
1053
1050
1063
1052
1054
1064
1062
1057
1059
1054
1055
1034
1051
1060
1054
1058
1056
1063
1050
1053
1049
1060
1049
1060
1048
1060
1053
1058
1049
1023
1056
1057
1072
1052
1060
1052
1063
1057
1062
1016
1060
1052
1056
1054
1063
1048
1059
1043
1054
1055
1059
1060
1062
1058
1062
1054
1046
1064
1048
1068
1059
1069
1058
1064
1060
1066
1060
1061
1069
1068
1057
1062
1064
1072
1054
1068
1058
1064
1049
1061
1056
1061
1053
1070
1060
1068
1058
1065
1051
1064
1050
1071
1063
1064
1054
1063
1060
1064
1063
1059
1063
1063
1062
1062
1068
1071
1066
1065
1072
1070
1074
1063
1065
1062
1034
1058
1075
1063
1072
1067
1069
1053
1070
1059
1072
1063
1066
1049
1056
1052
1067
1054
1065
1052
1057
1050
1056
1059
1058
1054
1061
1052
1058
1062
1063
1063
1047
1056
1056
1062
1056
1063
1056
1066
1052
1064
1056
1058
1049
1059
1055
1062
1057
1059
1063
1063
1060
1017
1066
1059
1065
1063
1062
1055
1060
1051
1064
1051
1059
1055
1064
1053
1066
1056
1069
1051
1064
1050
1062
1052
1054
1060
1058
1060
1064
1056
1058
1062
1055
1060
1054
1057
1054
1068
1055
1066
1056
1059
1056
1068
1051
1060
1049
1065
1054
1057
1054
1061
1052
1052
1050
1049
1055
1054
1054
1055
1057
1054
1059
1052
1055
1057
1066
1056
1059
1064
1062
1056
1064
1055
1056
1049
1061
1059
1062
1052
1063
1054
1067
1050
1051
1051
1053
1054
1058
1054
1054
1057
1065
1059
1056
1062
1056
1064
1054
1066
1056
1061
1054
1034
1053
1057
1048
1053
1048
1020
1057
1056
1061
1054
1061
1054
1068
1056
1060
1032
1067
1052
1062
1051
1057
1048
1056
1050
1063
1050
1067
1060
1058
1053
1064
1052
1056
1064
1055
1061
1062
1068
1062
1059
1060
1060
1065
1064
1058
1059
1046
1059
1051
1059
1054
1065
1051
1064
1060
1068
1064
1059
1064
1060
1057
1056
1059
1058
1011
1053
1063
1063
1064
1068
1068
1059
1060
1060
1063
1021
1057
1060
1066
1059
1067
1059
1065
1048
1070
1056
1060
1061
1060
1052
1058
1059
1064
1048
1055
1051
1056
1058
1057
1059
1056
1060
1056
1024
1060
1063
1056
1030
1052
1062
1055
1060
1056
1062
1052
1060
1053
1059
1056
1065
1056
1064
1052
1060
1053
1059
1051
1060
1052
1056
1058
1057
1056
1032
1063
1056
1069
1064
1062
1061
1066
1056
1056
1056
1062
1058
1064
1056
1060
1056
1060
1050
1064
1056
1064
1056
1065
1052
1064
1050
1061
1059
1026
1050
1063
1052
1060
1049
1057
1064
1055
1060
1052
1060
1052
1069
1056
1073
1053
1068
1059
1066
1061
1065
1052
1059
1056
1061
1060
1060
1055
1057
1051
1057
1059
1052
1058
1053
1060
1059
1056
1064
1065
1062
1059
1056
1074
1052
1065
1058
1068
1025
1060
1057
1060
1050
1062
1060
1055
1060
1056
1021
1058
1063
1059
1066
1064
1059
1063
1061
1052
1064
1056
1066
1050
1061
1053
1064
1056
1058
1046
1062
1049
1057
1051
1057
1059
1060
1045
1058
1052
1060
1057
1054
1054
1055
1059
1068
1058
1052
1061
1063
1066
1051
1059
1053
1062
1057
1062
1058
1059
1053
1065
1055
1060
1050
1066
1053
1063
1056
1016
1047
1058
1049
1066
1054
1057
1040
1058
1056
1058
1057
1052
1066
1051
1066
1055
1060
1057
1064
1047
1058
1054
1064
1054
1064
1040
1058
1048
1044
1053
1062
1052
1065
1059
1062
1055
1062
1057
1038
1058
1052
1063
1059
1063
1056
1062
1052
1056
1054
1063
1050
1056
1048
1056
1016
1062
1041
1056
1028
1064
1055
1053
1063
1061
1056
1060
1066
1062
1020
1052
1057
1052
1059
1051
1062
1058
1060
1055
1064
1051
1068
1048
1062
1050
1060
1054
1059
1054
1063
1058
1059
1058
1064
1063
1062
1059
1053
1028
1052
1061
1056
1058
1041
1057
1039
1055
1053
1066
1052
1062
1049
1066
1053
1056
1056
1060
1056
1058
1058
1051
1064
1059
1058
1052
1067
1057
1060
1059
1065
1048
1058
1045
1060
1050
1063
1044
1057
1054
1057
1047
1062
1036
1057
1059
1054
1062
1052
1057
1062
1062
1048
1061
1052
1060
1053
1064
1054
1062
1052
1062
1044
1067
1050
1067
1054
1030
1049
1056
1051
1059
1051
1056
1056
1049
1058
1053
1057
1054
1058
1056
1065
1056
1056
1054
1062
1048
1060
1046
1061
1046
1057
1047
1060
1052
1063
1054
1062
1049
1050
1055
1032
1054
1058
1061
1008
1063
1057
1065
1055
1072
1052
1060
1056
1064
1019
1067
1054
1054
1049
1062
1048
1059
1054
1064
1055
1060
1056
1053
1060
1054
1066
1052
1061
1055
1059
1054
1058
1056
1060
1047
1062
1049
1069
1049
1059
1040
1061
1049
1054
1052
1057
1047
1062
1056
1054
1064
1057
1058
1052
1062
1059
1063
1054
1064
1056
1059
1056
1060
1051
1058
1052
1062
1049
1024
1054
1059
1052
1062
1059
1057
1052
1059
1056
1059
1060
1050
1051
1056
1060
1050
1060
1051
1056
1049
1057
1054
1063
1050
1065
1056
1059
1052
1064
1052
1060
1056
1060
1056
1060
1060
1051
1056
1019
1054
1042
1052
1049
1059
1049
1057
1048
1066
1052
1066
1059
1068
1056
1063
1056
1066
1052
1064
1048
1067
1054
1068
1056
1062
1052
1071
1057
1060
1050
1062
1056
1059
1061
1066
1064
1064
1056
1058
1064
1058
1062
1058
1058
1060
1063
1060
1060
1061
1065
1060
1067
1056
1066
1055
1068
1056
1064
1057
1087
1056
1108
1090
1177
1180
1328
1211
1504
1322
1684
1553
1920
1708
2136
2027
2488
2188
2568
2779
3061
2926
3264
3127
3316
3304
3408
3407
3406
3384
3416
3404
3384
3441
3449
3520
3444
3486
3456
3552
3460
3652
3502
3460
3416
3528
3492
3584
3428
3426
3484
3584
3534
3534
3574
3559
3482
3456
3475
3454
3417
3520
3619
3684
3553
3480
3470
3472
3460
3440
3488
3473
3538
3500
3542
3488
3560
3548
3604
3512
3554
3488
3507
3456
3562
3574
3592
3505
3520
3489
3554
3592
3522
3498
3480
3542
3600
3564
3518
3525
3480
3496
3436
3472
3470
3592
3572
3616
3553
3504
3464
3472
3504
3507
3532
3488
3462
3456
3526
3504
3483
3458
3584
3532
3504
3418
3571
3406
3497
3456
3553
3470
3449
3416
3500
3508
3520
3408
3456
3392
3360
3368
3408
3347
3272
3351
3080
3104
3228
3260
2776
2506
2252
2264
1912
1776
1504
1507
1286
1299
1304
1192
1123
1079
1083
1071
1056
1058
1052
1056
1056
1060
1056
1056
1055
1044
1060
1053
1063
1051
1058
1052
1064
1049
1057
1047
1058
1053
1064
1051
1058
1047
1063
1048
1054
1043
1060
1051
1059
1052
1056
1052
1054
1055
1051
1059
1054
1059
1046
1058
1056
1052
1048
1055
1049
1064
1047
1060
1044
1065
1040
1070
1051
1060
1005
1057
1052
1058
1056
1054
1055
1047
1051
1045
1063
1050
1054
1057
1057
1057
1059
1056
1062
1045
1062
1050
1056
1043
1057
1048
1065
1051
1059
1050
1061
1048
1059
1057
1052
1047
1056
1060
1049
1056
1050
1056
1053
1062
1052
1062
1052
1064
1050
1057
1045
1056
1042
1061
1044
1059
1046
1060
1045
1056
1040
1058
1052
1057
1047
1058
1051
1047
1054
1048
1061
1052
1061
1050
1056
1051
1060
1052
1063
1048
1054
1053
1057
1040
1033
1044
1054
1044
1056
1048
1059
1049
1056
1052
1059
1056
1054
1060
1048
1056
1058
1060
1051
1059
1050
1061
1055
1054
1046
1057
1040
1060
1043
1065
1041
1063
1044
1061
1050
1061
1048
1062
1048
1032
1038
1055
1069
1055
1027
1053
1062
1049
1065
1043
1062
1043
1059
1044
1059
1046
1058
1050
1059
1058
1058
1054
1051
1052
1051
1056
1056
1056
1059
1058
1055
1058
1056
1058
1057
1067
1049
1062
1050
1059
1047
1058
1050
1063
1046
1064
1045
1064
1044
1060
1050
1054
1054
1056
1052
1052
1063
1059
1056
1048
1051
1048
1061
1051
1062
1048
1056
1050
1068
1048
1057
1046
1060
1054
1058
1055
1061
1052
1060
1057
1061
1057
1059
1060
1065
1059
1057
1061
1052
1065
1051
1063
1052
1064
1050
1067
1048
1058
1048
1058
1051
1065
1049
1012
1056
1050
1058
1056
1056
1055
1060
1055
1063
1055
1071
1056
1060
1049
1065
1048
1059
1048
1060
1052
1058
1043
1058
1052
1060
1052
1060
1053
1033
1062
1057
1059
1058
1065
1062
1063
1056
1061
1056
1063
1048
1061
1053
1062
1048
1064
1043
1060
1048
1057
1047
1056
1052
1054
1052
1060
1053
1053
1050
1058
1052
1052
1057
1059
1063
1052
1057
1046
1052
1048
1059
1038
1062
1052
1055
1052
1058
1050
1056
