- Jet Lab

- Experiment date = 2021-11-18 14:00:08
- Number of samples in measure = 1800
- Number of motor steps between measures = 1
- Measures count = 1800

- adc12bit
1068
1071
1068
1064
1063
1064
1063
1062
1068
1066
1059
1062
1061
1062
1059
1059
1055
1064
1052
1076
1057
1070
1059
1068
1061
1070
1058
1067
1058
1068
1062
1069
1049
1063
1063
1057
1057
1074
1061
1072
1058
1066
1067
1068
1060
1064
1059
1068
1022
1065
1061
1061
1062
1065
1060
1063
1062
1060
1062
1060
1064
1063
1065
1054
1060
1063
1064
1060
1061
1064
1063
1063
1064
1061
1066
1064
1062
1068
1056
1062
1061
1063
1059
1070
1061
1063
1060
1056
1053
1065
1061
1059
1049
1062
1055
1064
1058
1068
1057
1064
1062
1064
1052
1060
1060
1057
1050
1063
1052
1062
1063
1066
1059
1065
1057
1059
1056
1067
1057
1066
1063
1068
1068
1057
1072
1057
1064
1060
1064
1059
1064
1058
1060
1062
1067
1065
1064
1062
1063
1061
1068
1061
1064
1058
1060
1054
1061
1056
1060
1069
1060
1064
1054
1066
1059
1064
1060
1060
1056
1075
1064
1068
1056
1068
1055
1066
1059
1064
1057
1063
1062
1063
1055
1068
1052
1065
1063
1064
1056
1064
1060
1060
1063
1063
1061
1056
1064
1059
1059
1055
1064
1063
1064
1062
1071
1065
1063
1052
1065
1057
1062
1060
1058
1054
1057
1056
1063
1061
1067
1064
1060
1058
1070
1056
1062
1056
1064
1059
1057
1056
1059
1062
1055
1064
1057
1064
1056
1068
1052
1060
1048
1066
1062
1064
1060
1066
1056
1062
1055
1069
1057
1066
1060
1070
1059
1068
1056
1070
1062
1063
1060
1060
1058
1058
1069
1058
1068
1058
1060
1052
1063
1055
1066
1057
1062
1058
1060
1056
1057
1066
1058
1054
1063
1060
1059
1063
1068
1062
1063
1061
1055
1062
1054
1064
1050
1069
1054
1066
1051
1067
1060
1062
1052
1067
1055
1059
1051
1059
1054
1064
1052
1060
1059
1062
1053
1060
1059
1060
1058
1057
1060
1058
1061
1057
1062
1053
1060
1055
1061
1054
1072
1056
1068
1056
1068
1052
1063
1055
1060
1062
1062
1057
1061
1055
1063
1060
1058
1059
1057
1063
1051
1068
1057
1066
1053
1064
1056
1064
1060
1063
1060
1070
1057
1059
1061
1056
1056
1062
1063
1060
1056
1060
1056
1060
1052
1063
1053
1064
1062
1059
1058
1054
1066
1060
1072
1057
1069
1057
1069
1051
1059
1056
1065
1059
1034
1061
1065
1068
1066
1060
1072
1067
1068
1064
1068
1064
1070
1062
1068
1060
1068
1068
1066
1067
1062
1073
1060
1062
1062
1074
1056
1070
1063
1069
1056
1069
1063
1072
1060
1076
1072
1072
1054
1074
1073
1072
1065
1065
1064
1070
1060
1075
1058
1070
1068
1070
1062
1068
1066
1068
1064
1070
1059
1068
1060
1069
1062
1060
1059
1068
1061
1062
1062
1024
1063
1056
1068
1056
1065
1057
1069
1050
1064
1014
1061
1057
1064
1070
1052
1061
1056
1062
1020
1063
1060
1059
1064
1058
1068
1058
1067
1054
1070
1056
1064
1058
1075
1062
1068
1062
1066
1057
1031
1057
1068
1063
1065
1060
1064
1050
1068
1058
1062
1056
1066
1059
1065
1058
1062
1067
1057
1056
1057
1058
1048
1065
1058
1063
1060
1076
1060
1073
1058
1070
1066
1072
1064
1074
1062
1069
1068
1022
1066
1059
1061
1068
1064
1068
1066
1064
1062
1023
1072
1068
1064
1068
1072
1060
1065
1060
1068
1021
1068
1057
1066
1068
1059
1060
1072
1061
1068
1030
1056
1060
1068
1057
1063
1064
1064
1068
1061
1030
1053
1064
1058
1070
1058
1072
1067
1068
1061
1064
1056
1066
1059
1066
1057
1064
1060
1066
1061
1067
1056
1063
1056
1063
1063
1067
1062
1060
1062
1024
1076
1057
1070
1060
1075
1056
1068
1060
1069
1017
1068
1066
1068
1066
1072
1065
1068
1063
1068
1022
1058
1058
1056
1060
1058
1064
1064
1066
1059
1066
1062
1072
1053
1067
1062
1066
1058
1065
1058
1030
1060
1065
1062
1067
1059
1066
1056
1072
1060
1060
1061
1063
1056
1056
1060
1063
1056
1064
1057
1065
1058
1062
1062
1054
1063
1060
1068
1052
1068
1054
1070
1049
1070
1058
1067
1056
1072
1054
1060
1059
1075
1057
1073
1064
1064
1056
1070
1062
1068
1064
1059
1056
1074
1060
1064
1052
1064
1064
1056
1066
1063
1062
1061
1071
1057
1072
1068
1078
1056
1075
1058
1068
1062
1070
1050
1069
1054
1072
1023
1067
1064
1064
1059
1062
1052
1070
1072
1068
1070
1072
1086
1067
1070
1083
1084
1055
1080
1063
1104
1095
1102
1087
1073
1067
1070
1084
1072
1092
1101
1056
1088
1070
1104
1072
1072
1110
1091
1061
1066
1097
1082
1130
1062
1070
1068
1098
1076
1115
1071
1103
1085
1087
1062
1080
1112
1083
1125
1095
1164
1151
1108
1100
1113
1160
1118
1066
1146
1164
1174
1109
1101
1118
1139
1097
1156
1111
1151
1218
1182
1201
1116
1070
1160
1115
1180
1087
1154
1148
1130
1074
1147
1297
1232
1122
1162
1180
1223
1091
1188
1250
1167
1276
1265
1229
1308
1148
1235
1248
1284
1299
1270
1251
1320
1292
1252
1275
1313
1148
1320
1263
1225
1292
1262
1238
1248
1344
1288
1368
1289
1376
1316
1420
1328
1504
1422
1371
1330
1491
1296
1383
1280
1508
1334
1536
1492
1484
1409
1432
1448
1472
1512
1457
1542
1520
1586
1374
1441
1716
1548
1522
1461
1374
1627
1551
1545
1720
1556
1488
1667
1667
1588
1596
1703
1567
1699
1861
1671
1728
1680
1787
1869
1672
1600
1728
1588
1546
1875
1884
1921
2016
1800
1814
1881
1688
1892
1852
1939
1971
1886
2098
1955
1993
2107
1894
2110
2026
2160
2094
2236
2156
2212
2000
2191
2083
2120
2235
2043
2193
2121
2240
2356
2260
2272
2369
2182
2195
2232
2344
2332
2392
2332
2334
2548
2243
2314
2330
2458
2506
2429
2412
2304
2502
2316
2438
2536
2286
2553
2428
2567
2568
2468
2500
2494
2388
2473
2544
2544
2616
2598
2504
2624
2462
2624
2568
2596
2332
2382
2340
2576
2712
2496
2476
2560
2528
2565
2456
2512
2488
2434
2339
2332
2558
2594
2560
2601
2652
2464
2544
2574
2616
2242
2384
2532
2376
2609
2412
2487
2356
2464
2380
2274
2280
1991
2369
2160
2072
2280
2369
2408
2026
2220
2252
2240
2240
2153
2060
2192
2192
1948
2084
2059
1905
2023
2139
2048
1898
1792
1929
2070
1841
1811
1853
1868
1920
1752
1874
1849
1724
1582
1928
1754
1586
1771
1555
1635
1808
1537
1610
1468
1520
1642
1598
1622
1664
1458
1556
1408
1603
1416
1443
1654
1340
1675
1596
1348
1444
1671
1338
1518
1400
1499
1374
1370
1248
1430
1479
1395
1320
1552
1328
1208
1248
1310
1294
1248
1155
1298
1160
1148
1344
1096
1273
1089
1274
1204
1160
1232
1129
1248
1138
1177
1115
1130
1142
1191
1081
1122
1112
1096
1142
1137
1146
1072
1122
1201
1067
1152
1069
1240
1092
1116
1069
1120
1044
1133
1075
1098
1136
1176
1071
1101
1048
1102
1068
1120
1113
1081
1035
1130
1068
1079
1069
1101
1073
1122
1167
1108
1095
1042
1076
1057
1061
1051
1089
1084
1083
1048
1062
1057
1047
1047
1104
1051
1079
1043
1061
1046
1064
1051
1064
1050
1054
1059
1054
1064
1059
1064
1056
1061
1052
1072
1049
1062
1054
1062
1052
1072
1043
1064
1054
1064
1048
1065
1056
1066
1046
1061
1064
1061
1057
1056
1052
1050
1048
1056
1059
1054
1063
1051
1066
1053
1059
1012
1069
1044
1070
1051
1067
1049
1066
1056
1071
1061
1066
1061
1070
1062
1059
1060
1064
1059
1065
1060
1065
1066
1064
1056
1064
1072
1061
1064
1061
1065
1063
1069
1058
1064
1056
1070
1065
1072
1063
1066
1054
1066
1052
1064
1057
1075
1051
1081
1048
1072
1054
1067
1052
1064
1055
1076
1049
1068
1061
1081
1056
1067
1060
1076
1062
1069
1055
1060
1062
1069
1054
1073
1055
1064
1058
1063
1056
1059
1057
1052
1059
1055
1058
1052
1066
1055
1069
1052
1057
1048
1058
1049
1066
1048
1063
1051
1056
1049
1062
1055
1068
1052
1062
1057
1058
1053
1058
1052
1060
1059
1062
1061
1056
1069
1063
1063
1052
1063
1051
1062
1048
1061
1049
1068
1045
1056
1048
1060
1058
1062
1053
1066
1051
1057
1064
1060
1057
1055
1064
1054
1053
1050
1064
1051
1068
1048
1068
1048
1063
1054
1062
1052
1070
1054
1057
1048
1063
1046
1066
1051
1068
1054
1060
1049
1059
1056
1061
1056
1066
1061
1057
1055
1052
1071
1053
1064
1054
1062
1048
1068
1054
1061
1055
1056
1055
1063
1048
1059
1049
1059
1052
1060
1053
1060
1054
1058
1054
1055
1056
1052
1064
1053
1068
1048
1066
1045
1069
1049
1061
1052
1059
1055
1060
1060
1063
1056
1060
1045
1061
1052
1060
1054
1060
1051
1061
1051
1054
1052
1059
1066
1057
1065
1052
1068
1052
1061
1059
1066
1054
1065
1048
1056
1052
1064
1056
1056
1062
1059
1057
1062
1057
1054
1064
1056
1061
1060
1064
1056
1066
1051
1061
1049
1071
1047
1058
1060
1067
1055
1067
1050
1057
1054
1059
1046
1058
1050
1056
1059
1064
1063
1057
1061
1055
1060
1052
1065
1052
1064
1055
1060
1055
1060
1054
1056
1056
1066
1052
1064
1049
1064
1052
1057
1049
1063
1059
1053
1056
1060
1056
1067
1058
1059
1057
1054
1064
1011
1064
1044
1065
1048
1063
1053
1066
1050
1069
1047
1061
1049
1054
1052
1062
1053
1054
1054
1054
1062
1059
1057
1055
1057
1058
1064
1050
1063
1054
1065
1054
1064
1054
1067
1050
1066
1052
1062
1052
1060
1054
1060
1053
1060
1056
1061
1057
1061
1062
1059
1064
1051
1070
1051
1064
1052
1064
1044
1069
1050
1058
1057
1063
1055
1068
1055
1067
1056
1062
1051
1059
1054
1063
1057
1059
1060
1056
1062
1057
1058
1054
1063
1054
1067
1056
1064
1051
1070
1060
1062
1056
1062
1062
1064
1059
1064
1055
1060
1052
1055
1055
1063
1056
1052
1062
1056
1058
1055
1068
1047
1067
1050
1067
1052
1066
1052
1067
1052
1061
1055
1072
1053
1066
1049
1060
1052
1058
1055
1067
1056
1065
1054
1056
1055
1056
1056
1054
1056
1052
1061
1057
1067
1056
1062
1054
1060
1056
1068
1056
1068
1052
1060
1053
1064
1059
1062
1060
1052
1025
1059
1063
1059
1072
1061
1067
1063
1066
1058
1068
1055
1069
1050
1070
1063
1068
1061
1072
1056
1066
1064
1069
1062
1066
1053
1062
1060
1060
1067
1066
1060
1060
1062
1057
1066
1066
1072
1056
1072
1058
1073
1056
1076
1060
1067
1062
1072
1065
1068
1056
1062
1059
1070
1057
1068
1064
1062
1060
1066
1056
1064
1052
1064
1055
1060
1057
1070
1059
1025
1074
1064
1074
1059
1066
1068
1070
1057
1067
1019
1066
1052
1062
1061
1061
1052
1068
1052
1068
1022
1064
