- Jet Lab

- Experiment date = 2021-11-18 14:01:40
- Number of samples in measure = 1800
- Number of motor steps between measures = 1
- Measures count = 1800

- adc12bit
1064
1056
1066
1056
1068
1059
1062
1055
1049
1064
1066
1056
1059
1062
1055
1051
1059
1058
1057
1060
1057
1064
1058
1072
1057
1067
1060
1066
1056
1072
1063
1067
1059
1070
1067
1058
1058
1065
1058
1071
1057
1066
1068
1066
1063
1070
1064
1026
1056
1062
1060
1066
1062
1069
1063
1063
1058
1020
1058
1056
1065
1056
1061
1060
1061
1055
1063
1052
1066
1058
1061
1060
1061
1060
1062
1064
1052
1059
1065
1060
1058
1055
1051
1060
1056
1056
1049
1065
1055
1064
1056
1060
1059
1062
1056
1057
1050
1060
1056
1058
1060
1060
1060
1064
1058
1065
1051
1063
1058
1062
1056
1068
1062
1068
1056
1025
1063
1068
1068
1056
1062
1062
1069
1058
1065
1059
1061
1055
1060
1056
1060
1058
1065
1054
1059
1054
1057
1056
1060
1063
1064
1071
1062
1062
1062
1063
1064
1069
1062
1068
1064
1068
1058
1070
1061
1066
1061
1072
1056
1072
1056
1074
1064
1077
1056
1078
1058
1068
1055
1070
1060
1072
1063
1070
1063
1068
1054
1068
1061
1059
1062
1063
1065
1063
1052
1064
1064
1060
1060
1062
1065
1058
1057
1031
1064
1057
1069
1062
1066
1059
1070
1060
1063
1026
1062
1057
1060
1066
1068
1058
1061
1057
1065
1062
1062
1065
1068
1060
1060
1067
1062
1067
1058
1064
1062
1072
1062
1073
1059
1072
1063
1068
1060
1068
1056
1070
1062
1063
1064
1072
1064
1074
1059
1068
1060
1064
1063
1070
1060
1061
1056
1066
1062
1064
1060
1058
1059
1060
1063
1064
1063
1060
1061
1062
1066
1063
1071
1056
1064
1061
1066
1051
1069
1054
1072
1064
1068
1059
1068
1062
1068
1066
1070
1062
1057
1072
1060
1067
1069
1070
1068
1064
1066
1063
1068
1068
1071
1072
1070
1064
1068
1072
1072
1071
1059
1066
1056
1068
1062
1065
1064
1067
1057
1064
1056
1074
1057
1064
1054
1072
1061
1069
1061
1064
1052
1065
1065
1065
1048
1066
1057
1065
1063
1062
1064
1069
1064
1068
1060
1064
1054
1068
1067
1067
1058
1078
1059
1067
1056
1068
1057
1069
1056
1062
1066
1063
1062
1063
1064
1057
1068
1062
1071
1057
1074
1057
1074
1061
1070
1063
1062
1064
1066
1057
1067
1068
1057
1066
1066
1060
1073
1060
1068
1057
1063
1058
1064
1053
1060
1060
1060
1063
1058
1065
1060
1062
1063
1060
1060
1066
1057
1059
1054
1068
1058
1067
1054
1071
1063
1066
1060
1063
1054
1064
1056
1054
1056
1062
1054
1064
1052
1064
1056
1059
1061
1065
1053
1064
1056
1061
1065
1060
1064
1065
1068
1064
1068
1058
1075
1063
1066
1058
1074
1058
1075
1062
1073
1065
1072
1060
1074
1056
1072
1068
1068
1057
1064
1059
1068
1064
1070
1066
1067
1059
1065
1065
1068
1067
1062
1064
1065
1065
1068
1056
1062
1054
1072
1056
1068
1054
1069
1056
1066
1060
1064
1062
1066
1064
1066
1066
1057
1074
1052
1068
1057
1062
1056
1074
1056
1060
1062
1062
1055
1062
1056
1067
1060
1064
1063
1056
1057
1060
1056
1067
1055
1056
1062
1064
1060
1052
1062
1059
1060
1054
1059
1044
1062
1056
1059
1045
1058
1055
1069
1056
1062
1056
1028
1060
1074
1053
1058
1054
1059
1049
1070
1055
1053
1059
1057
1056
1058
1064
1054
1068
1050
1068
1054
1064
1057
1067
1058
1068
1054
1068
1064
1064
1059
1059
1056
1063
1057
1061
1056
1058
1058
1060
1052
1064
1049
1065
1062
1056
1065
1066
1062
1067
1084
1070
1068
1061
1058
1060
1066
1056
1057
1067
1090
1052
1060
1057
1048
1056
1066
1065
1048
1062
1066
1045
1059
1068
1065
1041
1058
1069
1055
1072
1052
1070
1076
1062
1060
1066
1059
1069
1065
1074
1070
1058
1072
1060
1072
1098
1059
1088
1065
1082
1062
1060
1072
1077
1067
1058
1089
1055
1084
1092
1084
1064
1077
1089
1071
1063
1074
1060
1088
1068
1057
1070
1064
1086
1084
1080
1064
1064
1071
1076
1060
1108
1123
1140
1088
1121
1074
1088
1198
1113
1103
1103
1092
1056
1121
1099
1104
1073
1100
1066
1072
1078
1111
1078
1152
1124
1118
1061
1120
1152
1108
1119
1109
1094
1136
1154
1144
1132
1079
1070
1108
1158
1220
1122
1104
1131
1171
1136
1104
1090
1121
1133
1163
1174
1157
1181
1092
1181
1312
1184
1128
1207
1176
1173
1148
1152
1193
1142
1272
1160
1180
1190
1136
1176
1161
1273
1138
1200
1317
1312
1184
1251
1256
1218
1247
1241
1265
1180
1330
1326
1225
1234
1152
1166
1304
1315
1314
1295
1201
1251
1303
1368
1339
1368
1310
1396
1249
1450
1271
1362
1440
1376
1408
1345
1406
1400
1214
1464
1347
1500
1361
1283
1348
1336
1360
1434
1463
1328
1447
1341
1257
1429
1460
1366
1376
1386
1336
1344
1434
1475
1401
1406
1438
1444
1564
1560
1512
1422
1440
1514
1464
1575
1426
1600
1503
1604
1522
1548
1403
1560
1532
1474
1496
1536
1657
1525
1547
1557
1604
1556
1604
1612
1660
1636
1562
1710
1580
1700
1635
1650
1560
1798
1666
1744
1615
1600
1718
1781
1708
1600
1856
1728
1857
1702
1847
1707
1769
1768
1736
1789
1840
1691
1908
1958
1600
1667
1800
1812
1900
1942
1859
1908
1923
1915
2097
2241
1953
2070
2131
2162
2153
2008
2197
2100
2036
2130
2260
2331
2168
2332
2198
2208
2147
2264
2240
2172
2230
2029
2256
2240
2156
2050
2083
2249
2316
2026
2216
2048
2179
2288
2339
2320
2199
2212
2012
2146
2252
2077
2264
2233
2408
2261
2444
2367
2268
2304
2192
2270
1929
2170
2243
2296
2160
2357
2227
2232
2136
2132
2275
2012
2051
2245
2083
2062
2004
2183
2043
2273
1966
2103
1952
2112
2102
2014
1926
2123
2140
2200
2206
2212
2088
2049
2128
1960
1929
2116
1972
1780
1937
1820
1808
1930
1804
2048
1954
1860
1994
1792
1934
1920
1672
1871
1886
1928
1774
1784
1932
1736
1792
1822
1548
1785
1511
1711
1824
1819
1867
1671
1636
1721
1644
1788
1688
1670
1592
1652
1481
1548
1472
1687
1735
1522
1500
1681
1527
1438
1402
1460
1481
1378
1552
1395
1635
1444
1401
1500
1495
1614
1257
1265
1500
1442
1383
1312
1294
1430
1380
1238
1449
1316
1390
1308
1203
1344
1360
1283
1313
1278
1192
1152
1379
1484
1410
1216
1360
1241
1260
1372
1182
1292
1197
1249
1292
1220
1257
1337
1224
1162
1256
1166
1134
1108
1101
1149
1152
1134
1196
1121
1180
1101
1240
1340
1276
1264
1102
1196
1206
1138
1174
1136
1128
1238
1152
1142
1172
1103
1092
1068
1136
1100
1117
1106
1087
1088
1108
1118
1090
1081
1137
1082
1114
1062
1104
1076
1078
1096
1159
1179
1076
1057
1074
1072
1058
1114
1093
1052
1060
1049
1068
1073
1080
1059
1047
1061
1062
1082
1052
1086
1043
1072
1068
1064
1046
1056
1042
1059
1043
1059
1062
1052
1048
1056
1072
1058
1069
1068
1064
1070
1064
1046
1058
1036
1065
1044
1064
1046
1072
1037
1057
1045
1097
1046
1068
1062
1062
1044
1054
1057
1056
1052
1062
1053
1049
1053
1054
1062
1052
1052
1046
1048
1040
1053
1039
1063
1051
1072
1057
1062
1057
1060
1048
1059
1048
1072
1056
1060
1052
1058
1046
1055
1059
1058
1053
1064
1053
1063
1053
1056
1055
1050
1062
1054
1052
1050
1073
1051
1063
1050
1055
1050
1059
1049
1066
1048
1059
1048
1059
1019
1054
1050
1046
1053
1052
1059
1052
1063
1044
1062
1053
1068
1052
1072
1057
1070
1059
1069
1051
1063
1051
1057
1046
1062
1049
1064
1052
1070
1052
1057
1056
1062
1049
1054
1056
1060
1056
1055
1068
1048
1056
1057
1059
1051
1070
1049
1070
1044
1048
1036
1058
1052
1065
1049
1066
1056
1061
1057
1061
1062
1060
1056
1070
1056
1054
1052
1056
1056
1056
1060
1061
1066
1049
1068
1056
1065
1052
1067
1059
1070
1055
1064
1051
1059
1050
1068
1053
1068
1062
1068
1052
1068
1051
1061
1056
1063
1052
1055
1057
1056
1059
1056
1064
1049
1062
1051
1062
1016
1063
1048
1062
1054
1064
1059
1069
1048
1064
1011
1056
1055
1052
1060
1033
1064
1048
1066
1051
1062
1051
1070
1050
1066
1052
1066
1052
1064
1058
1065
1052
1056
1056
1056
1048
1060
1050
1054
1044
1057
1049
1054
1060
1061
1059
1061
1058
1060
1064
1057
1062
1057
1071
1056
1068
1051
1060
1053
1031
1060
1066
1056
1062
1066
1063
1062
1063
1062
1060
1059
1066
1060
1063
1057
1056
1054
1055
1064
1062
1064
1056
1062
1050
1072
1054
1063
1050
1069
1052
1065
1052
1068
1052
1066
1060
1068
1064
1075
1059
1067
1056
1076
1056
1072
1056
1062
1056
1068
1052
1057
1056
1065
1057
1059
1049
1062
1056
1054
1060
1055
1058
1058
1071
1059
1061
1054
1072
1060
1068
1059
1068
1060
1066
1017
1066
1056
1068
1059
1068
1058
1068
1065
1068
1058
1060
1058
1063
1052
1062
1060
1068
1052
1064
1056
1064
1057
1016
1063
1064
1071
1052
1074
1058
1068
1055
1069
1052
1066
1058
1072
1056
1034
1044
1072
1052
1061
1057
1070
1061
1065
1059
1063
1056
1059
1052
1060
1066
1056
1062
1057
1069
1062
1065
1056
1065
1056
1072
1054
1066
1052
1064
1049
1068
1059
1065
1022
1072
1055
1072
1062
1064
1060
1072
1058
1070
1020
1059
1062
1057
1067
1060
1066
1054
1065
1059
1072
1055
1068
1050
1039
1043
1063
1050
1058
1049
1031
1064
1068
1054
1065
1057
1057
1059
1059
1062
1020
1071
1054
1072
1058
1070
1058
1063
1058
1068
1017
1065
1056
1065
1054
1072
1058
1066
1057
1068
1020
1062
1062
1052
1064
1055
1058
1057
1057
1056
1064
1062
1071
1050
1063
1052
1068
1057
1066
1050
1033
1046
1056
1052
1064
1052
1058
1056
1056
1057
1054
1064
1054
1062
1062
1062
1048
1062
1056
1062
1055
1067
1054
1073
1044
1066
1049
1064
1056
1066
1048
1059
1053
1059
1050
1062
1050
1054
1056
1051
1060
1051
1064
1046
1068
1059
1063
1048
1062
1056
1067
1052
1064
1055
1027
1052
1060
1052
1059
1025
1052
1051
1047
1067
1058
1064
1051
1065
1053
1064
1054
1030
1051
1063
1050
1064
1050
1059
1057
1052
1046
1058
1052
1053
1053
1054
1063
1056
1060
1053
1053
1050
1061
1054
1062
1050
1064
1021
1062
1049
1064
1054
1065
1049
1074
1049
1060
1053
1064
1054
1056
1052
1056
1056
1054
1057
1059
1044
1052
1059
1052
1068
1056
1069
1050
1064
1056
1072
1052
1063
1053
1062
1051
1065
1055
1068
1055
1064
1043
1062
1056
1063
1052
1060
1054
1054
1060
1054
1062
1060
1042
1053
1070
1056
1068
1053
1064
1051
1063
1048
1062
1047
1062
