- Jet Lab

- Experiment date = 2021-11-18 14:04:19
- Number of samples in measure = 1800
- Number of motor steps between measures = 1
- Measures count = 1800

- adc12bit
1063
1064
1061
1064
1060
1066
1055
1068
1056
1063
1060
1062
1054
1059
1063
1064
1057
1058
1059
1070
1065
1058
1057
1058
1066
1068
1068
1064
1068
1068
1068
1052
1069
1058
1068
1012
1067
1068
1072
1059
1070
1060
1065
1069
1064
1064
1073
1066
1064
1063
1066
1060
1054
1056
1065
1059
1060
1062
1057
1056
1058
1063
1058
1061
1052
1068
1056
1072
1056
1067
1050
1062
1053
1065
1058
1060
1060
1059
1054
1064
1057
1068
1032
1069
1056
1056
1056
1064
1062
1067
1041
1063
1066
1057
1061
1060
1057
1055
1068
1064
1058
1054
1065
1058
1055
1057
1067
1062
1066
1063
1060
1068
1064
1067
1064
1068
1065
1068
1048
1066
1060
1064
1060
1063
1055
1068
1062
1058
1066
1067
1059
1063
1058
1060
1062
1060
1055
1059
1057
1069
1061
1072
1059
1070
1058
1072
1064
1065
1063
1062
1037
1066
1066
1064
1070
1056
1063
1050
1071
1057
1068
1048
1064
1055
1061
1058
1056
1055
1062
1057
1060
1064
1056
1059
1064
1056
1066
1060
1058
1064
1062
1055
1055
1063
1058
1064
1056
1058
1063
1076
1064
1066
1055
1023
1054
1062
1056
1064
1055
1028
1068
1064
1060
1061
1069
1060
1068
1060
1068
1028
1062
1062
1063
1050
1055
1055
1066
1058
1064
1065
1060
1062
1063
1063
1060
1061
1062
1060
1054
1057
1056
1064
1060
1072
1056
1062
1056
1065
1061
1068
1059
1059
1058
1062
1067
1065
1056
1060
1052
1060
1058
1066
1056
1060
1050
1055
1058
1053
1069
1064
1076
1054
1064
1064
1073
1068
1065
1062
1072
1060
1065
1067
1072
1068
1070
1061
1060
1063
1064
1059
1067
1062
1072
1066
1067
1063
1069
1066
1064
1066
1060
1068
1072
1066
1061
1065
1059
1062
1064
1069
1067
1062
1068
1059
1066
1064
1064
1065
1062
1062
1053
1063
1057
1066
1064
1073
1063
1075
1059
1068
1058
1072
1059
1068
1064
1074
1064
1036
1058
1060
1054
1063
1060
1060
1063
1055
1057
1063
1052
1058
1057
1060
1059
1061
1061
1056
1068
1061
1062
1057
1065
1055
1072
1056
1068
1050
1062
1055
1056
1057
1050
1055
1060
1059
1057
1056
1054
1059
1058
1050
1054
1050
1064
1065
1060
1063
1011
1069
1059
1062
1052
1071
1057
1064
1054
1069
1020
1056
1055
1065
1060
1064
1055
1061
1057
1056
1063
1066
1059
1060
1065
1055
1072
1059
1059
1059
1068
1054
1052
1056
1060
1052
1058
1058
1058
1052
1056
1065
1066
1054
1070
1058
1060
1053
1068
1051
1057
1056
1059
1068
1059
1065
1059
1065
1052
1065
1028
1068
1053
1072
1061
1072
1062
1078
1057
1072
1052
1077
1057
1068
1056
1070
1057
1072
1052
1064
1050
1060
1062
1062
1060
1064
1068
1071
1062
1067
1063
1072
1058
1066
1064
1064
1075
1068
1072
1066
1064
1059
1057
1067
1060
1065
1061
1061
1036
1052
1061
1066
1066
1056
1064
1062
1064
1052
1057
1051
1052
1064
1064
1059
1058
1052
1061
1048
1063
1050
1056
1055
1066
1052
1061
1065
1057
1063
1052
1054
1055
1062
1056
1056
1057
1068
1057
1066
1059
1064
1064
1068
1056
1064
1057
1061
1062
1063
1065
1059
1060
1050
1058
1057
1051
1048
1060
1064
1047
1060
1060
1058
1065
1064
1051
1052
1055
1060
1049
1056
1068
1054
1067
1058
1057
1059
1051
1063
1063
1054
1055
1065
1056
1068
1059
1062
1060
1067
1060
1063
1056
1074
1047
1054
1056
1066
1060
1056
1060
1061
1058
1060
1055
1070
1052
1063
1042
1076
1054
1063
1060
1060
1056
1064
1053
1059
1066
1058
1083
1059
1072
1057
1084
1062
1053
1023
1062
1058
1069
1060
1067
1053
1062
1080
1064
1080
1058
1084
1051
1076
1060
1076
1061
1075
1063
1063
1051
1065
1071
1074
1053
1076
1051
1064
1055
1073
1074
1067
1065
1072
1057
1059
1084
1062
1059
1092
1075
1068
1070
1069
1076
1055
1072
1104
1119
1066
1088
1068
1072
1063
1134
1086
1161
1058
1031
1075
1099
1089
1128
1096
1067
1067
1134
1078
1089
1083
1080
1084
1076
1064
1082
1127
1068
1120
1120
1122
1095
1102
1079
1118
1088
1070
1078
1054
1100
1088
1179
1074
1107
1136
1104
1124
1112
1121
1097
1100
1112
1082
1107
1079
1116
1096
1095
1105
1102
1113
1116
1080
1085
1078
1198
1141
1087
1167
1191
1190
1223
1148
1099
1148
1172
1112
1210
1092
1129
1136
1181
1138
1124
1129
1120
1123
1118
1155
1129
1139
1170
1135
1148
1066
1174
1185
1240
1194
1120
1205
1191
1156
1197
1133
1184
1181
1117
1139
1112
1094
1228
1116
1136
1176
1111
1227
1100
1122
1273
1272
1374
1222
1126
1219
1182
1132
1224
1258
1152
1228
1330
1238
1169
1167
1156
1165
1164
1176
1200
1371
1174
1185
1289
1264
1326
1290
1278
1259
1232
1236
1194
1238
1252
1159
1287
1241
1303
1193
1250
1224
1298
1354
1208
1255
1210
1362
1352
1231
1292
1301
1230
1400
1329
1333
1227
1313
1314
1376
1373
1395
1307
1305
1379
1384
1487
1327
1345
1224
1239
1590
1392
1348
1417
1456
1543
1441
1350
1300
1472
1495
1356
1431
1299
1377
1432
1524
1533
1521
1392
1374
1455
1410
1394
1266
1350
1336
1700
1433
1575
1542
1572
1432
1619
1490
1358
1536
1578
1376
1521
1722
1499
1572
1517
1708
1440
1798
1704
1711
1492
1345
1542
1479
1614
1672
1580
1544
1632
1603
1626
1680
1844
1920
1668
1695
1632
1810
1948
1688
1568
1640
1734
1689
1758
1681
1574
1731
1824
1847
1587
1736
1688
1886
1832
1755
1704
1691
1768
1750
1737
1840
1855
1739
1726
1860
1826
1640
1685
1964
1748
1888
1649
1912
1807
1952
1755
1874
2000
1916
1756
1696
1704
1863
1816
1611
1904
1886
1744
1816
1864
1920
1715
1782
1666
1744
1833
2062
1816
1984
1995
1856
1978
1836
1828
1952
1846
1954
1620
1713
1900
1855
1726
1764
1780
1792
1864
1780
1795
1884
1846
1839
1745
1764
1607
1610
1904
1840
1792
1714
1702
1812
1844
1856
2000
1842
1780
1652
1660
1660
1538
1742
1622
1892
1676
1687
1846
1724
1686
1582
1644
1660
1638
1686
1600
1593
1810
1584
1600
1664
1778
1763
1596
1592
1553
1695
1746
1686
1584
1488
1760
1708
1728
1556
1588
1789
1578
1716
1735
1604
1580
1562
1670
1576
1656
1537
1457
1645
1680
1500
1624
1706
1609
1576
1478
1484
1454
1433
1400
1394
1503
1526
1527
1382
1313
1464
1414
1336
1434
1407
1492
1360
1444
1364
1543
1348
1324
1606
1328
1352
1440
1377
1446
1430
1560
1504
1296
1392
1491
1355
1432
1392
1387
1456
1328
1354
1223
1272
1291
1272
1326
1263
1267
1206
1174
1335
1304
1264
1182
1211
1270
1268
1273
1206
1222
1277
1302
1188
1305
1174
1256
1184
1194
1130
1343
1260
1218
1223
1120
1238
1133
1183
1305
1354
1202
1262
1216
1245
1226
1112
1294
1112
1125
1144
1096
1200
1166
1106
1152
1300
1226
1108
1113
1108
1185
1082
1131
1134
1121
1126
1124
1127
1156
1132
1184
1199
1099
1117
1090
1143
1160
1147
1209
1089
1072
1143
1131
1093
1100
1084
1103
1080
1112
1066
1066
1076
1184
1139
1131
1176
1092
1076
1081
1155
1065
1124
1128
1104
1133
1087
1089
1088
1068
1112
1078
1068
1061
1080
1076
1073
1075
1048
1064
1115
1059
1048
1068
1076
1026
1086
1080
1051
1068
1056
1072
1044
1082
1082
1089
1048
1080
1054
1070
1063
1068
1060
1078
1106
1067
1056
1178
1059
1067
1064
1075
1078
1075
1056
1061
1056
1100
1064
1072
1063
1062
1057
1044
1072
1056
1074
1056
1070
1072
1072
1066
1032
1056
1073
1052
1066
1051
1062
1053
1076
1054
1068
1048
1077
1072
1064
1044
1075
1052
1066
1052
1075
1051
1016
1057
1057
1062
1060
1050
1054
1056
1055
1050
1046
1054
1055
1062
1053
1050
1040
1056
1049
1056
1047
1064
1041
1066
1056
1060
1052
1062
1053
1062
1048
1043
1060
1048
1056
1059
1053
1050
1066
1057
1062
1044
1056
1041
1064
1036
1069
1045
1062
1016
1070
1052
1063
1048
1023
1059
1057
1050
1064
1061
1060
1063
1054
1066
1054
1059
1050
1064
1044
1072
1046
1072
1040
1072
1057
1060
1044
1066
1017
1056
1050
1059
1055
1054
1063
1052
1057
1057
1072
1058
1070
1058
1070
1053
1058
1056
1064
1056
1065
1005
1057
1049
1066
1048
1053
1053
1056
1030
1060
1060
1058
1062
1055
1066
1052
1064
1058
1068
1056
1060
1052
1072
1048
1066
1056
1065
1056
1071
1058
1064
1049
1059
1050
1066
1052
1059
1056
1060
1058
1062
1069
1055
1066
1057
1070
1052
1065
1052
1063
1052
1063
1052
1064
1056
1060
1050
1060
1053
1059
1051
1057
1052
1062
1062
1062
1056
1015
1068
1060
1062
1053
1066
1052
1068
1050
1061
1012
1065
1056
1064
1052
1060
1058
1059
1056
1056
1056
1056
1062
1052
1059
1056
1068
1059
1068
1055
1068
1054
1069
1057
1068
1048
1072
1047
1056
1050
1063
1046
1064
1043
1063
1054
1062
1042
1054
1055
1061
1058
1057
1069
1062
1070
1054
1068
1052
1066
1049
1072
1052
1068
1052
1058
1052
1065
1061
1056
1062
1061
1051
1057
1054
1068
1056
1057
1058
1056
1048
1064
1056
1056
1067
1061
1070
1056
1055
1046
1063
1048
1067
1058
1068
1054
1062
1050
1031
1054
1066
1044
1068
1054
1065
1048
1061
1054
1056
1054
1060
1056
1064
1064
1061
1065
1056
1066
1047
1064
1052
1073
1050
1064
1052
1072
1052
1062
1053
1063
1055
1065
1060
1062
1044
1065
1048
1064
1057
1053
1056
1056
1064
1059
1060
1056
1065
1057
1068
1050
1072
1054
1067
1059
1067
1052
1068
1007
1068
1049
1068
1056
1060
1047
1060
1043
1058
1058
1059
1069
1057
1053
1059
1064
1060
1066
1032
1062
1050
1061
1057
1060
1050
1062
1054
1060
1044
1067
1051
1073
1051
1063
1056
1066
1062
1068
1055
1058
1048
1056
1058
1057
1056
1053
1056
1055
1061
1057
1070
1050
1069
1054
1075
1051
1067
1051
1068
1049
1065
1055
1062
1044
1060
1053
1065
1056
1024
1062
1058
1060
1060
1062
1061
1068
1055
1073
1053
1066
1059
1068
1052
1068
1057
1068
1056
1071
1044
1062
1051
1065
1062
1068
1048
1058
1054
1059
1055
1056
1054
1061
1062
1060
1058
1058
1063
1052
1074
1054
1072
1051
1060
1052
1065
1051
1065
1053
1065
1050
1070
1037
1053
1050
1060
1055
1056
1061
1062
1062
1064
1063
1061
1064
1058
1065
1054
1064
1056
1064
1053
1071
1054
1062
1055
1066
1053
1065
1049
1061
1049
1060
1050
1064
1055
1066
1056
1063
1057
1054
1053
1054
1056
1062
1056
1060
1057
1057
1066
