- Jet Lab

- Experiment date = 2021-11-18 14:09:39
- Number of samples in measure = 500
- Number of motor steps between measures = 1
- Measures count = 500

- adc12bit
1074
1066
1075
1064
1069
1076
1061
1080
1069
1059
1068
1074
1072
1073
1063
1066
1066
1068
1072
1070
1072
1073
1079
1080
1066
1079
1072
1059
1073
1076
1071
1072
1074
1067
1072
1075
1066
1069
1070
1071
1074
1070
1061
1061
1062
1062
1073
1073
1063
1068
1064
1063
1063
1063
1065
1055
1055
1063
1063
1070
1066
1069
1060
1059
1071
1064
1068
1073
1058
1056
1061
1061
1065
1068
1055
1057
1059
1068
1062
1068
1056
1060
1066
1057
1068
1059
1070
1055
1073
1076
1075
1069
1070
1059
1063
1072
1068
1065
1065
1072
1073
1068
1073
1075
1068
1073
1068
1082
1080
1077
1068
1076
1078
1073
1073
1064
1078
1078
1071
1075
1078
1077
1079
1079
1068
1078
1071
1078
1068
1067
1075
1077
1067
1070
1067
1067
1069
1067
1067
1062
1069
1067
1066
1072
1076
1074
1074
1073
1082
1079
1073
1076
1087
1070
1068
1069
1072
1080
1077
1075
1068
1078
1081
1075
1074
1076
1068
1075
1086
1072
1075
1080
1068
1065
1077
1083
1068
1067
1070
1065
1076
1077
1067
1072
1075
1072
1076
1068
1074
1077
1064
1071
1071
1071
1067
1070
1072
1082
1070
1077
1078
1078
1080
1067
1078
1080
1068
1080
1068
1081
1082
1073
1075
1079
1070
1071
1073
1073
1066
1068
1071
1066
1063
1077
1074
1075
1064
1077
1072
1076
1075
1072
1075
1076
1073
1070
1076
1073
1060
1076
1075
1072
1073
1066
1072
1073
1071
1059
1062
1078
1073
1076
1068
1071
1073
1072
1070
1069
1069
1061
1064
1076
1065
1071
1071
1075
1070
1072
1063
1073
1074
1074
1067
1066
1074
1079
1073
1068
1067
1080
1071
1072
1067
1078
1072
1062
1068
1078
1075
1072
1072
1068
1071
1068
1074
1072
1072
1069
1077
1065
1076
1063
1073
1072
1070
1066
1072
1076
1072
1072
1077
1065
1061
1061
1070
1069
1065
1057
1068
1068
1071
1072
1067
1068
1075
1066
1076
1063
1074
1072
1072
1068
1074
1070
1072
1064
1073
1074
1061
1076
1073
1064
1075
1060
1068
1068
1062
1073
1071
1075
1070
1062
1077
1072
1064
1070
1069
1080
1085
1079
1074
1077
1068
1078
1075
1072
1076
1071
1070
1075
1072
1079
1072
1071
1074
1078
1068
1067
1071
1072
1078
1069
1072
1075
1074
1079
1073
1075
1062
1075
1079
1081
1081
1077
1079
1070
1080
1084
1081
1073
1071
1075
1066
1072
1075
1076
1076
1076
1072
1064
1073
1067
1071
1060
1068
1074
1074
1079
1073
1068
1078
1073
1071
1072
1073
1068
1076
1065
1076
1064
1076
1075
1064
1069
1074
1064
1076
1078
1070
1073
1080
1063
1073
1062
1075
1080
1080
1068
1076
1072
1079
1081
1090
1086
1087
1078
1079
1084
1071
1070
1084
1073
1080
1079
1072
1071
1082
1078
1075
1075
1075
1084
1076
1079
1078
1076
1079
1079
1083
1065
1075
1073
1071
1061
1070
1070
1073
1068
1076
1067
1068
1072
1070
1067
1063
1066
1060
1071
1075
1073
