- Jet Lab

- Experiment date = 2021-11-18 14:14:55
- Number of samples in measure = 500
- Number of motor steps between measures = 1
- Measures count = 500

- adc12bit
2016
1987
1904
1864
2015
2012
1904
2054
1768
2027
1988
1971
2009
1960
2070
1901
1848
1863
1905
2086
1890
1976
1969
1916
1879
1988
1961
1922
2015
1963
1984
1923
1888
1864
2003
1907
1988
1945
1799
1953
1955
1932
2016
1913
1917
2056
2016
2059
2040
1999
1931
1985
1933
1921
1911
2011
1884
1998
1943
1870
1848
1979
1997
1947
1959
1917
1900
1983
1912
1874
2095
2016
2073
2014
1800
1982
2012
2028
1908
1823
2081
1982
1901
2060
1972
1862
2040
2008
1967
1929
2031
1951
1902
1998
1920
1960
1984
1920
2079
1900
1882
1814
1887
1921
1947
1893
1831
1875
1889
1858
1937
1984
1917
1986
1935
1892
1986
1982
1997
1918
1987
1888
1977
2032
1940
1971
2047
1792
2026
1821
1928
1884
1939
1977
2064
1956
1959
2061
1945
1915
1967
1894
1903
2028
2063
2044
2038
1967
1959
1830
1963
1959
1886
1891
1987
1998
1942
2098
2021
1906
1830
1910
1992
2043
1888
1916
1914
1908
1902
1974
1984
1982
1941
1897
1944
1942
1911
1952
2001
1923
1848
1855
2056
1799
2003
1988
1944
1943
1931
1980
1956
1901
1939
1961
1976
2065
1971
1863
1968
2087
1996
1950
2016
1987
1975
1905
1996
1987
1929
1940
1944
1966
2002
1968
1964
2122
2035
2019
2032
1932
1977
2035
2014
1982
1984
2086
1900
1917
1907
1904
2019
2000
1921
1965
1839
1989
2055
1975
2012
2066
2044
1974
1902
2005
1943
1977
1944
2051
2081
2039
1902
1964
1923
2062
1972
1932
1899
1991
1993
2000
1964
1845
1902
1940
1942
1896
1993
1949
1900
1929
1933
1936
1864
1957
1930
1904
1998
1991
1991
1947
2032
1990
1972
1991
1967
1921
1968
1923
1961
1971
2025
1882
1909
1844
1886
1984
1928
1976
1944
1945
1989
2003
2016
2055
1921
1814
1935
1959
1919
1904
1990
1828
1911
2043
2004
1863
1996
1962
2088
1924
1920
1865
1879
1858
1988
1985
1925
1875
1912
1920
1972
2011
2000
2031
1980
2029
2060
2038
1953
2024
1997
1856
1992
1935
2008
1952
1926
2011
1852
1759
1850
1972
1937
1989
1883
1928
1852
2066
1996
1894
1888
1953
1929
1932
1863
1937
1939
1895
2050
1956
1986
1879
1881
2028
2012
1955
1943
1930
1862
1985
1917
2036
2096
1872
1872
1892
2046
1895
1807
2006
1971
2006
1976
1783
1943
1944
1876
1943
1870
1905
1932
1926
1876
1945
1867
1878
1955
2054
1976
1990
1931
1899
1908
1984
1899
1932
1922
1849
1880
1929
1912
1906
1950
2012
2046
1923
1975
1960
2001
1919
1925
1894
1837
1838
1999
1989
1966
1975
1911
1922
1948
2129
1963
1980
1953
2020
1853
1985
1931
1969
1929
1954
1987
1897
1868
1961
2055
2052
2059
1932
1863
2002
2035
2004
1904
1949
1963
1933
1999
1884
1955
1967
2020
1999
1857
1971
1987
1932
1984
1900
1931
1898
2011
1968
1923
1780
1945
2072
1922
2072
2057
1939
1972
1920
1946
2052
1902
1980
1841
1996
