- Blood Lab

- Experiment date = 2021-11-11 13:21:17
- Experiment duration = 10.00 s
- Number of samples in measure = 0
- Sampling period = 10271.03 us
- Sampling frequency = 97 Hz
- Samples count = 974

- adc12bit
1677
1676
1678
1678
1674
1675
1676
1678
1675
1677
1675
1676
1676
1677
1675
1675
1675
1676
1678
1675
1676
1677
1676
1678
1676
1678
1679
1676
1676
1676
1676
1678
1676
1676
1677
1676
1676
1676
1676
1678
1676
1676
1676
1676
1678
1673
1675
1675
1678
1676
1677
1675
1677
1674
1675
1676
1676
1676
1676
1677
1676
1676
1676
1676
1676
1676
1675
1676
1675
1675
1677
1676
1676
1678
1675
1676
1676
1676
1676
1675
1677
1676
1675
1676
1677
1674
1676
1676
1675
1677
1675
1675
1675
1675
1675
1676
1676
1677
1675
1676
1676
1676
1676
1675
1676
1674
1676
1675
1675
1673
1676
1676
1675
1675
1677
1675
1673
1678
1676
1676
1673
1674
1674
1677
1674
1675
1674
1672
1676
1674
1675
1676
1676
1674
1676
1676
1676
1674
1675
1674
1676
1676
1675
1675
1676
1676
1675
1675
1676
1676
1674
1676
1674
1676
1676
1675
1676
1676
1674
1674
1675
1676
1675
1674
1674
1673
1674
1674
1675
1675
1675
1675
1675
1676
1675
1676
1675
1674
1674
1675
1676
1676
1677
1676
1675
1676
1676
1673
1676
1674
1674
1675
1676
1675
1676
1674
1674
1676
1675
1674
1676
1676
1674
1674
1674
1676
1676
1675
1674
1674
1676
1674
1676
1673
1676
1673
1673
1675
1675
1675
1675
1673
1676
1673
1675
1675
1674
1676
1673
1676
1676
1674
1673
1673
1675
1674
1675
1678
1676
1675
1676
1674
1676
1675
1673
1675
1674
1676
1676
1674
1674
1674
1674
1675
1675
1676
1674
1675
1675
1675
1674
1674
1676
1676
1675
1674
1675
1676
1673
1675
1674
1674
1675
1673
1675
1673
1676
1674
1676
1676
1672
1674
1676
1673
1674
1676
1677
1673
1676
1673
1676
1675
1673
1674
1675
1674
1675
1674
1675
1676
1675
1673
1676
1673
1675
1673
1674
1676
1676
1674
1673
1673
1674
1674
1676
1673
1676
1673
1675
1674
1673
1673
1675
1673
1675
1675
1675
1675
1673
1674
1675
1674
1675
1673
1675
1673
1676
1675
1674
1673
1673
1675
1673
1674
1675
1673
1674
1676
1675
1672
1675
1672
1672
1674
1674
1675
1675
1676
1677
1677
1675
1675
1673
1673
1674
1676
1673
1673
1676
1673
1673
1675
1674
1677
1671
1676
1674
1673
1678
1672
1673
1673
1674
1675
1675
1674
1673
1673
1675
1673
1675
1673
1674
1678
1675
1673
1675
1674
1673
1673
1673
1676
1673
1675
1673
1674
1675
1676
1672
1675
1673
1673
1676
1673
1675
1675
1675
1675
1673
1675
1673
1676
1675
1673
1675
1671
1672
1672
1676
1673
1670
1675
1677
1672
1673
1674
1673
1676
1677
1673
1674
1673
1675
1675
1674
1673
1675
1674
1673
1673
1675
1673
1675
1674
1676
1673
1675
1673
1675
1672
1673
1673
1675
1672
1673
1674
1673
1675
1674
1676
1676
1675
1676
1676
1675
1673
1675
1674
1673
1673
1673
1674
1674
1675
1676
1676
1675
1673
1672
1674
1673
1673
1675
1673
1672
1675
1673
1673
1675
1673
1673
1673
1672
1673
1675
1673
1673
1675
1674
1674
1673
1674
1674
1673
1673
1672
1676
1675
1672
1673
1674
1673
1673
1674
1673
1672
1673
1675
1675
1673
1675
1674
1674
1675
1672
1676
1672
1675
1673
1676
1674
1673
1672
1675
1673
1674
1673
1673
1673
1673
1674
1674
1676
1674
1676
1674
1675
1676
1675
1675
1673
1674
1673
1673
1672
1674
1673
1671
1674
1673
1673
1672
1672
1674
1676
1675
1674
1673
1675
1675
1674
1672
1675
1675
1675
1676
1673
1673
1672
1674
1675
1672
1673
1673
1674
1672
1676
1676
1672
1675
1673
1672
1673
1672
1672
1672
1672
1668
1675
1674
1672
1673
1675
1673
1675
1672
1673
1673
1673
1674
1672
1673
1672
1675
1673
1671
1672
1676
1673
1673
1672
1673
1672
1675
1673
1674
1673
1674
1672
1674
1671
1673
1674
1675
1673
1672
1673
1674
1673
1673
1675
1674
1673
1672
1673
1672
1675
1675
1672
1674
1672
1672
1672
1674
1672
1673
1672
1674
1673
1671
1674
1672
1674
1675
1672
1674
1672
1673
1674
1672
1674
1671
1672
1672
1672
1672
1672
1673
1672
1672
1673
1674
1671
1672
1672
1673
1673
1673
1672
1673
1674
1673
1672
1672
1672
1673
1672
1673
1675
1673
1673
1672
1671
1672
1672
1672
1672
1671
1673
1672
1672
1673
1673
1672
1671
1673
1673
1674
1672
1673
1673
1672
1672
1673
1673
1672
1672
1671
1672
1671
1672
1678
1674
1671
1673
1671
1673
1672
1675
1675
1674
1672
1671
1675
1671
1673
1671
1671
1672
1674
1671
1671
1672
1673
1673
1671
1673
1672
1672
1675
1672
1671
1671
1671
1672
1674
1671
1672
1672
1671
1671
1672
1671
1671
1673
1672
1673
1671
1674
1672
1673
1674
1672
1671
1672
1673
1674
1671
1673
1672
1671
1672
1671
1673
1671
1672
1672
1674
1672
1671
1671
1672
1673
1674
1671
1672
1673
1674
1674
1675
1672
1673
1672
1672
1672
1672
1673
1672
1672
1671
1673
1674
1672
1671
1672
1674
1671
1671
1673
1671
1673
1673
1671
1673
1672
1673
1672
1673
1672
1673
1672
1671
1672
1673
1672
1671
1672
1673
1673
1672
1672
1671
1672
1672
1673
1672
1671
1673
1672
1671
1671
1671
1673
1673
1674
1672
1671
1672
1672
1671
1671
1671
1671
1673
1671
1672
1671
1671
1673
1671
1672
1672
1673
1672
1670
1673
1672
1671
1673
1673
1671
1671
1671
1671
1672
1672
1672
1672
1673
1672
1673
1672
1673
1674
1673
1672
1672
1671
1672
1673
1673
1672
1673
1672
1672
1673
1671
1672
1672
1671
1672
1672
1672
1673
1673
1674
1672
1671
1671
1671
1673
1673
1671
1672
1671
1672
1672
1672
1673
1671
1672
1671
1671
1673
1673
1672
1673
1672
1672
1671
1673
1671
1672
1672
1671
1673
1671
1672
1672
1671
1671
1672
1671
1671
