- Blood Lab

- Experiment date = 2021-11-11 13:29:05
- Experiment duration = 60.00 s
- Number of samples in measure = 0
- Sampling period = 10309.45 us
- Sampling frequency = 96 Hz
- Samples count = 5820

- adc12bit
135
135
135
136
135
135
135
135
135
135
135
135
135
135
135
135
135
135
135
135
135
135
135
135
135
135
135
134
135
135
135
135
135
135
135
135
135
135
135
135
135
135
135
135
135
134
134
134
135
135
134
135
135
135
135
135
135
135
135
135
135
135
135
135
135
135
135
135
135
135
135
135
135
135
135
135
135
135
135
135
135
135
135
135
135
135
135
135
135
135
135
135
135
135
135
135
135
135
135
135
135
135
135
135
135
135
135
135
135
135
135
135
135
135
135
135
135
135
135
135
135
135
135
135
135
135
135
135
135
135
135
135
135
135
135
135
135
135
135
135
135
135
135
134
135
135
135
135
135
135
135
135
135
135
135
134
135
135
135
135
135
134
135
135
135
135
135
135
135
135
134
135
135
135
135
135
134
134
135
135
135
135
135
135
135
135
135
135
135
135
135
135
135
135
135
135
135
135
135
135
135
135
135
135
135
135
135
135
135
135
134
135
134
135
134
134
134
134
135
135
135
135
135
135
134
135
134
135
134
135
134
134
135
135
135
135
135
135
134
134
135
135
134
135
135
135
135
134
134
135
134
135
134
135
135
135
135
135
135
135
135
135
135
135
135
135
135
135
135
135
134
135
134
134
134
134
135
134
135
135
135
135
134
134
134
134
134
134
134
134
135
134
134
136
141
151
163
174
187
201
216
233
248
261
275
289
305
321
337
352
367
381
394
404
415
425
431
436
439
440
440
438
435
431
425
417
410
403
398
393
388
386
382
380
376
375
371
369
368
365
363
361
359
358
356
355
353
351
350
348
347
346
344
343
342
340
339
338
336
335
334
334
331
331
330
332
338
349
364
382
401
429
450
470
497
517
542
570
590
606
620
634
643
652
658
663
663
662
658
652
645
636
628
622
616
611
606
601
595
592
588
584
580
576
572
570
567
564
561
559
556
555
551
549
547
544
542
540
537
535
533
532
529
527
525
524
521
527
545
575
605
645
685
725
762
800
841
876
903
927
946
959
967
973
975
969
964
954
942
932
921
916
908
904
900
898
896
895
892
889
885
882
879
875
871
868
864
860
856
851
848
843
839
835
831
827
824
820
816
813
811
807
804
819
844
886
933
978
1029
1087
1135
1183
1231
1276
1310
1338
1358
1373
1383
1387
1390
1387
1378
1368
1356
1341
1331
1324
1315
1307
1299
1293
1286
1279
1273
1267
1261
1255
1249
1243
1240
1233
1231
1226
1224
1222
1220
1218
1216
1214
1213
1208
1206
1200
1195
1190
1185
1180
1175
1194
1227
1279
1328
1393
1449
1513
1580
1642
1699
1750
1796
1828
1854
1867
1877
1884
1885
1881
1875
1862
1851
1846
1830
1818
1815
1806
1797
1790
1782
1777
1770
1766
1759
1752
1747
1741
1736
1732
1728
1721
1712
1712
1707
1702
1696
1693
1689
1682
1680
1675
1670
1663
1660
1656
1653
1649
1648
1671
1705
1754
1814
1871
1940
2007
2072
2140
2207
2256
2297
2341
2364
2387
2396
2407
2415
2416
2412
2406
2399
2385
2382
2371
2353
2351
2343
2339
2331
2323
2319
2319
2304
2303
2294
2294
2287
2283
2279
2273
2267
2260
2256
2251
2248
2247
2240
2236
2234
2226
2223
2217
2215
2209
2207
2204
2200
2195
2192
2188
2184
2182
2179
2173
2170
2168
2166
2160
2157
2160
2189
2226
2272
2329
2391
2464
2531
2596
2661
2717
2764
2804
2835
2856
2879
2884
2892
2898
2891
2878
2870
2861
2849
2843
2840
2832
2826
2820
2815
2809
2803
2798
2794
2792
2787
2783
2775
2772
2767
2768
2760
2757
2755
2750
2744
2745
2741
2739
2737
2728
2729
2723
2726
2718
2716
2713
2710
2707
2703
2696
2702
2696
2691
2688
2687
2686
2681
2680
2676
2681
2670
2669
2664
2663
2660
2660
2656
2652
2651
2649
2650
2640
2645
2642
2638
2638
2633
2635
2634
2626
2625
2623
2617
2618
2616
2612
2612
2607
2607
2603
2600
2600
2597
2595
2591
2591
2589
2590
2584
2583
2580
2583
2575
2575
2571
2569
2567
2565
2567
2563
2560
2558
2558
2555
2552
2550
2552
2553
2543
2545
2543
2540
2538
2533
2534
2532
2532
2529
2528
2524
2524
2519
2520
2520
2516
2514
2511
2508
2511
2506
2505
2503
2500
2499
2498
2495
2492
2492
2488
2488
2488
2487
2483
2481
2478
2478
2476
2477
2471
2471
2471
2466
2462
2463
2463
2459
2457
2456
2454
2454
2451
2448
2447
2447
2440
2447
2444
2440
2439
2435
2434
2434
2429
2428
2425
2424
2422
2421
2423
2414
2415
2418
2412
2410
2407
2408
2408
2404
2403
2400
2400
2399
2396
2398
2393
2392
2388
2387
2387
2385
2382
2386
2380
2376
2377
2375
2376
2374
2370
2371
2368
2359
2361
2359
2360
2358
2355
2355
2353
2350
2355
2347
2350
2346
2339
2344
2341
2339
2339
2337
2333
2332
2330
2331
2334
2327
2326
2324
2323
2318
2318
2316
2318
2312
2311
2308
2308
2304
2302
2300
2295
2296
2286
2283
2276
2272
2268
2265
2256
2254
2248
2252
2237
2235
2232
2227
2220
2219
2213
2212
2208
2205
2197
2192
2187
2184
2180
2175
2171
2166
2166
2163
2152
2147
2146
2145
2139
2135
2130
2126
2122
2119
2113
2112
2107
2101
2101
2096
2092
2091
2087
2082
2079
2072
2072
2066
2060
2058
2054
2049
2044
2042
2036
2035
2028
2025
2023
2022
2014
2011
2007
2003
1998
1996
1994
1988
1985
1983
1980
1975
1974
1967
1968
1959
1958
1951
1948
1949
1942
1939
1933
1932
1924
1924
1919
1919
1913
1910
1905
1901
1896
1894
1889
1891
1884
1880
1878
1874
1872
1869
1865
1860
1861
1853
1850
1848
1847
1846
1839
1837
1835
1828
1830
1826
1822
1821
1818
1815
1811
1809
1811
1809
1804
1803
1802
1796
1796
1792
1790
1784
1784
1779
1776
1772
1769
1769
1764
1761
1763
1756
1751
1751
1751
1748
1744
1742
1739
1735
1732
1731
1728
1724
1723
1719
1717
1715
1713
1708
1708
1703
1699
1698
1696
1692
1692
1691
1687
1681
1679
1678
1674
1672
1671
1667
1665
1663
1661
1660
1657
1651
1648
1651
1645
1644
1641
1638
1635
1632
1631
1629
1625
1622
1622
1619
1617
1615
1612
1607
1605
1607
1603
1600
1599
1600
1598
1596
1593
1590
1586
1582
1580
1577
1575
1573
1569
1567
1562
1562
1561
1560
1554
1552
1549
1548
1547
1545
1541
1539
1537
1532
1534
1529
1528
1525
1522
1521
1518
1515
1514
1512
1508
1506
1504
1502
1500
1500
1495
1494
1492
1489
1486
1485
1482
1481
1478
1475
1473
1471
1472
1470
1464
1462
1460
1459
1456
1454
1452
1450
1447
1444
1447
1443
1440
1436
1436
1433
1432
1433
1432
1427
1428
1430
1423
1424
1420
1417
1415
1411
1408
1406
1403
1401
1398
1398
1396
1393
1390
1389
1388
1384
1385
1380
1379
1378
1376
1375
1372
1370
1370
1369
1362
1359
1359
1358
1356
1353
1351
1348
1347
1345
1344
1342
1339
1337
1337
1335
1332
1329
1331
1326
1325
1322
1321
1320
1319
1315
1313
1311
1311
1308
1306
1305
1303
1302
1299
1300
1296
1293
1293
1292
1292
1292
1292
1292
1291
1290
1290
1287
1286
1284
1279
1277
1276
1270
1267
1264
1264
1260
1258
1255
1253
1252
1250
1250
1247
1246
1244
1243
1241
1241
1239
1236
1234
1232
1232
1228
1227
1225
1223
1222
1220
1218
1216
1215
1213
1209
1209
1209
1206
1204
1203
1200
1200
1197
1195
1194
1193
1192
1190
1188
1185
1184
1183
1181
1180
1177
1176
1174
1173
1171
1170
1169
1168
1166
1164
1165
1165
1165
1167
1164
1168
1167
1168
1167
1166
1165
1164
1160
1156
1154
1148
1147
1144
1140
1139
1135
1134
1133
1130
1127
1126
1126
1123
1123
1121
1120
1119
1117
1116
1116
1112
1112
1110
1107
1107
1105
1103
1101
1100
1096
1095
1094
1093
1091
1089
1088
1087
1085
1084
1082
1080
1080
1078
1077
1074
1075
1072
1072
1070
1068
1066
1064
1064
1063
1060
1060
1057
1056
1055
1053
1052
1053
1053
1053
1055
1056
1059
1057
1059
1060
1059
1058
1056
1055
1052
1051
1048
1044
1041
1037
1037
1035
1033
1030
1029
1026
1025
1023
1022
1021
1019
1018
1016
1016
1015
1014
1011
1011
1009
1008
1008
1004
1005
1001
999
999
999
994
993
992
990
988
987
987
983
981
981
979
979
977
976
975
974
972
971
969
968
968
966
964
964
964
963
965
965
968
969
973
972
974
975
973
972
969
969
966
963
963
960
958
956
954
952
951
948
946
944
944
942
941
940
939
938
939
934
934
933
931
931
931
928
927
924
924
921
920
918
916
915
912
912
911
911
908
907
906
904
903
901
900
899
898
897
896
894
894
892
891
889
888
887
886
885
884
883
882
881
882
883
885
886
889
892
893
894
893
893
891
890
889
886
885
886
881
881
878
877
876
874
872
870
870
869
868
866
865
865
863
863
863
861
860
859
859
856
855
854
852
851
849
848
847
846
845
843
843
840
839
839
838
835
833
832
833
830
830
828
827
826
825
824
823
821
820
819
817
817
816
815
812
814
812
812
813
814
816
819
820
822
824
822
822
821
821
819
818
817
815
814
812
812
811
809
808
807
806
804
804
803
802
803
800
800
799
799
797
796
795
795
793
793
792
790
790
788
787
787
784
782
782
781
782
779
778
777
776
775
775
776
773
771
771
771
769
768
768
768
766
765
764
763
762
761
760
760
760
760
760
764
766
768
768
769
768
768
768
767
768
768
765
765
764
763
763
761
760
759
758
756
755
755
753
753
752
752
751
750
750
749
748
748
745
746
744
743
743
742
741
739
738
737
736
735
734
734
732
731
731
728
728
727
727
725
725
724
723
721
720
720
719
719
717
716
716
715
715
713
714
714
715
718
719
721
721
721
721
722
721
720
720
719
719
718
717
715
715
714
713
712
711
710
709
708
707
707
706
705
704
704
704
702
702
702
700
700
700
699
696
696
696
694
694
693
693
691
691
690
689
688
687
686
686
685
684
684
683
682
681
680
680
680
679
678
677
676
676
675
674
674
674
676
677
679
680
681
681
681
681
679
679
679
677
676
676
675
675
675
674
672
671
670
670
669
668
668
668
668
665
665
666
664
665
664
664
662
662
660
660
660
659
658
657
656
656
655
655
654
653
652
653
651
651
650
648
648
647
647
647
646
646
645
644
643
643
642
642
641
640
640
639
639
640
642
645
644
644
645
645
644
644
644
644
642
642
642
641
641
639
639
640
639
638
637
636
636
635
635
635
635
634
634
634
632
633
632
631
631
631
630
630
629
628
628
627
627
627
625
624
624
623
622
622
622
621
620
619
619
619
618
617
617
616
615
615
615
613
612
613
613
612
612
612
615
616
615
616
616
616
616
615
615
614
613
613
612
611
612
611
610
611
610
609
608
607
607
606
606
605
605
606
604
604
603
603
601
601
600
600
599
599
598
599
597
595
595
595
595
593
593
593
592
591
590
589
588
588
588
586
586
585
585
584
583
582
582
582
581
581
580
580
579
580
581
582
583
583
583
584
583
584
583
581
581
581
580
579
579
579
579
577
577
576
576
575
574
574
574
573
573
573
572
571
571
571
569
569
569
567
567
568
567
565
565
565
564
563
563
563
562
561
561
560
560
558
558
558
557
557
556
555
554
555
553
553
552
551
551
550
550
550
550
551
552
553
553
553
553
553
552
552
552
551
550
551
550
549
549
549
548
547
547
547
547
545
544
544
545
543
543
542
543
542
542
540
541
539
539
538
538
537
537
536
536
535
535
533
533
532
532
531
531
530
529
529
529
528
527
527
526
525
525
524
524
521
522
520
521
520
520
520
521
521
522
522
523
523
522
522
522
521
521
520
519
518
519
519
518
517
516
516
515
514
514
514
512
512
512
512
511
511
510
510
509
509
508
508
506
506
506
506
505
505
505
504
503
503
503
502
501
501
500
500
499
498
498
497
497
496
496
496
495
494
494
495
494
495
495
495
496
496
496
496
495
495
494
495
493
493
492
492
492
491
491
490
490
489
488
489
488
488
488
487
487
485
486
485
484
484
483
483
483
483
482
481
480
480
479
479
478
478
477
477
476
477
475
475
474
474
473
473
472
471
472
471
470
470
470
469
469
468
467
467
467
466
466
466
465
464
464
463
463
463
464
464
465
465
465
466
466
466
465
465
464
464
463
463
462
462
462
461
461
461
460
460
459
459
459
458
458
458
457
457
456
456
456
455
455
454
454
454
453
452
452
452
450
451
450
450
449
449
448
448
448
447
446
446
446
445
445
445
444
443
443
442
441
441
440
440
440
440
439
439
438
439
438
437
437
436
436
436
437
438
438
438
438
438
438
438
438
437
437
436
435
435
435
434
434
434
433
433
432
432
431
431
431
431
431
430
429
429
429
429
428
428
428
427
427
426
425
425
424
424
424
424
423
423
423
423
422
422
421
421
420
420
419
419
419
418
418
418
417
416
417
415
415
415
415
414
414
413
413
412
412
412
412
412
413
414
414
414
414
413
413
413
413
412
411
410
410
410
409
409
409
408
408
407
407
407
406
406
406
405
405
405
405
404
404
404
403
403
402
401
400
401
400
400
400
399
399
399
398
398
397
397
397
396
395
396
395
395
394
394
393
393
392
392
391
391
391
391
390
390
389
389
389
390
388
389
390
390
390
390
389
390
389
389
389
388
388
387
387
387
386
385
386
385
384
384
384
384
383
383
382
383
382
381
381
381
381
380
380
379
379
379
378
378
377
377
377
376
376
375
376
375
374
374
374
374
373
372
373
372
372
371
371
370
370
370
369
369
368
368
368
367
367
367
367
366
366
365
365
365
365
366
366
366
366
366
366
366
366
365
365
365
364
364
363
363
363
363
362
361
361
361
360
360
360
359
359
359
359
358
359
358
358
358
357
357
356
356
355
355
355
355
354
354
353
353
353
352
352
352
352
351
350
351
350
350
349
349
348
348
348
348
347
346
347
346
346
345
345
345
345
344
344
344
345
346
345
345
345
345
345
345
344
344
344
343
342
342
342
342
341
340
340
340
340
339
339
339
339
339
338
338
337
338
337
337
337
336
336
336
335
335
334
335
334
334
333
333
333
332
332
332
331
331
331
331
330
329
329
329
329
328
328
328
328
327
327
327
326
326
326
326
325
325
326
326
326
326
326
327
327
326
326
326
326
325
325
324
324
324
323
323
323
323
322
322
322
322
321
321
321
321
320
321
320
320
320
319
319
319
319
319
318
318
317
317
317
316
316
316
316
316
315
315
314
314
314
313
313
313
313
312
312
312
312
312
312
311
311
311
310
311
310
310
309
309
309
309
309
309
310
310
310
310
310
310
309
309
309
309
308
308
308
307
307
307
307
306
306
306
305
305
305
305
305
305
305
305
305
304
304
304
304
303
303
303
302
302
302
302
302
301
301
300
300
300
300
299
299
299
299
299
298
298
297
298
297
297
296
296
296
296
296
296
295
295
295
295
294
294
294
294
295
295
295
295
294
295
295
294
294
294
294
293
293
293
292
292
292
291
291
291
291
290
290
289
289
289
289
289
289
288
288
288
288
288
287
287
286
286
286
286
286
285
285
285
284
284
284
284
283
283
283
283
282
282
282
281
281
281
280
280
280
280
279
279
279
279
278
278
278
278
278
278
278
278
279
278
278
278
278
278
278
278
277
278
276
277
276
276
275
275
275
275
274
274
274
274
274
274
274
273
274
273
273
273
272
272
272
272
271
271
271
271
271
271
270
270
270
269
269
269
269
269
268
268
268
268
267
267
267
267
267
266
265
266
266
265
265
265
265
265
264
264
265
265
265
265
265
264
265
264
264
264
263
263
262
262
262
262
262
262
262
261
261
260
261
260
260
260
260
259
259
259
259
259
259
259
258
258
258
258
258
257
257
257
257
256
256
256
256
256
256
255
255
255
255
255
254
254
254
253
253
253
253
252
252
252
252
252
252
251
251
251
251
251
251
252
252
252
251
252
251
251
251
251
250
250
250
249
249
249
249
249
248
248
248
248
247
247
247
247
247
247
247
246
247
246
246
246
246
246
245
245
245
245
244
244
244
244
244
244
243
243
243
243
243
243
242
242
242
242
241
242
241
241
241
241
240
240
240
240
240
240
240
240
240
240
240
240
240
240
240
239
239
239
239
238
238
238
238
237
237
237
237
236
236
236
236
236
236
235
236
235
235
235
234
235
234
234
234
234
234
234
233
233
232
232
232
232
232
231
231
231
231
231
231
231
230
230
230
229
229
228
228
228
228
228
227
227
227
227
226
226
226
226
227
226
226
226
226
226
225
225
224
225
224
224
224
223
224
223
223
222
222
222
221
221
221
221
221
221
221
221
220
220
220
219
219
219
219
219
218
217
217
217
217
217
216
216
216
216
215
215
215
214
214
214
213
213
213
212
213
211
211
211
211
210
210
210
209
209
209
209
209
209
208
208
207
207
206
206
206
205
205
204
204
203
203
202
202
201
201
201
201
200
199
199
199
199
198
198
197
197
196
195
195
195
194
194
193
193
193
192
192
192
191
190
190
190
189
189
189
188
188
187
187
187
186
186
186
185
185
184
184
184
184
183
183
182
182
181
181
181
181
180
180
180
180
179
179
179
178
178
178
177
176
176
176
176
175
175
175
174
174
174
174
173
173
173
172
172
172
172
171
171
171
170
170
169
169
169
168
168
168
167
167
167
167
166
166
165
165
165
165
164
164
164
163
163
163
163
162
162
162
162
161
161
161
160
160
160
160
159
159
159
159
159
158
158
158
158
158
157
157
156
156
156
156
155
155
155
155
154
154
153
153
153
153
152
152
152
152
152
152
151
151
151
151
151
151
150
150
150
150
149
149
149
149
149
148
148
148
148
148
147
147
147
146
147
146
146
146
146
146
146
146
145
145
145
145
145
144
145
145
145
145
145
145
144
144
144
144
144
144
144
144
143
143
143
143
143
143
143
143
142
142
142
142
142
142
142
142
141
141
141
141
141
141
141
141
141
141
140
141
140
140
140
140
140
140
140
140
140
140
140
140
140
140
140
139
139
139
139
139
139
139
139
139
139
139
139
139
139
139
139
139
139
138
139
138
138
138
138
138
138
138
138
138
138
138
138
138
138
138
138
138
138
138
138
137
138
137
138
137
137
137
137
137
138
138
137
138
137
137
137
137
137
137
137
137
137
137
137
137
137
137
137
137
137
137
137
137
137
137
137
137
137
137
137
137
137
136
137
137
137
136
137
137
136
137
137
136
136
136
136
136
136
136
136
136
136
136
136
136
136
136
136
136
136
136
136
136
136
136
136
136
136
136
136
136
136
136
136
136
136
136
136
136
136
136
136
136
136
136
136
136
136
136
136
136
136
136
137
137
137
137
137
138
138
138
138
138
138
138
139
139
139
139
139
139
139
139
139
139
139
139
140
139
140
140
139
140
140
140
140
140
140
140
140
140
140
140
141
141
140
141
141
141
141
141
141
141
142
142
142
142
142
142
141
141
141
141
141
141
141
141
141
141
142
141
142
141
142
142
141
142
142
142
142
142
142
143
143
143
143
143
144
144
143
144
144
144
143
143
144
143
144
143
143
143
143
143
143
143
144
144
144
144
144
144
144
143
144
143
143
143
143
143
143
144
144
143
143
144
144
144
143
144
144
144
144
144
144
144
143
143
144
144
144
143
144
144
144
144
144
144
144
144
143
144
144
144
144
144
144
144
144
144
144
144
144
144
144
144
145
144
144
144
145
144
144
144
144
145
145
144
144
144
145
144
144
145
145
145
145
145
145
145
144
144
145
144
145
145
145
145
144
144
145
145
145
145
145
145
145
145
145
145
145
145
145
145
145
145
145
145
145
145
145
145
145
145
145
145
145
145
145
145
145
145
145
145
145
145
145
145
145
145
145
145
145
145
145
145
145
145
145
145
145
145
145
145
145
145
146
145
146
145
146
146
146
145
145
146
146
146
145
146
145
146
146
146
145
146
145
145
145
146
146
146
146
146
146
145
146
146
146
147
147
147
147
147
147
147
148
148
147
148
148
148
148
148
148
148
148
148
148
148
148
148
148
148
147
147
147
147
148
148
148
148
148
148
148
148
148
148
148
148
148
148
148
148
148
148
148
148
148
148
147
148
148
148
148
148
148
148
148
148
148
148
148
148
148
148
148
148
148
148
148
148
148
148
148
148
148
148
148
148
148
148
148
148
148
148
148
149
148
148
148
148
148
148
148
148
148
148
148
148
148
148
148
148
148
148
148
148
148
148
148
148
148
148
148
149
149
148
148
148
149
148
148
149
149
149
149
149
149
149
148
148
148
148
149
148
149
149
148
149
148
148
149
149
148
149
149
149
149
149
149
149
149
149
149
149
149
149
149
149
149
149
149
149
149
149
149
149
149
149
149
150
150
150
150
149
150
150
149
149
150
150
150
150
150
149
150
149
149
149
149
150
150
150
150
150
150
150
150
151
151
151
150
150
150
150
150
150
150
150
150
150
150
150
149
150
150
149
149
149
149
150
150
150
150
150
150
150
150
150
150
150
150
150
150
150
150
151
151
151
151
151
151
151
152
152
152
153
153
153
153
153
153
153
153
154
154
154
154
154
155
155
156
156
156
156
156
156
156
156
155
156
155
155
155
155
155
155
155
154
155
154
154
154
154
154
155
155
155
155
155
155
155
155
155
155
155
155
154
154
154
154
154
154
154
154
155
155
155
155
155
155
155
156
155
155
155
156
156
156
156
156
156
156
156
156
156
156
156
156
156
155
155
155
155
155
155
155
155
155
154
154
155
155
155
155
155
155
155
155
155
156
156
156
156
156
156
156
156
156
156
156
156
155
156
155
156
156
156
156
157
156
156
156
157
156
156
157
156
156
156
156
157
157
157
157
156
156
156
157
156
157
157
157
157
157
157
157
157
157
157
157
158
158
157
157
157
157
157
157
157
156
156
156
156
156
157
157
156
156
156
156
156
156
156
156
156
156
156
156
156
157
157
157
157
157
157
157
157
157
157
157
157
157
157
157
157
157
157
157
157
157
156
156
156
156
156
156
156
156
156
156
156
156
156
156
157
157
157
157
157
157
157
157
157
157
157
157
156
156
157
156
157
157
157
157
157
157
157
157
157
158
157
157
157
157
157
157
157
158
157
157
157
158
157
157
157
157
157
157
157
157
157
157
157
157
157
158
157
158
158
158
157
157
157
157
158
158
158
158
158
158
158
158
158
158
158
158
158
158
158
158
158
158
158
158
158
157
157
158
158
158
157
158
157
158
158
158
158
158
158
158
158
158
158
158
158
158
158
158
158
158
158
159
158
158
158
158
158
158
158
158
158
158
158
158
159
159
158
159
159
159
159
159
159
159
159
158
158
158
158
158
158
158
158
158
158
158
158
158
158
158
158
158
159
159
158
158
158
158
158
158
158
158
158
158
158
158
158
158
158
159
159
158
158
158
158
158
158
158
158
158
158
158
159
158
159
159
159
159
159
159
159
159
159
159
159
159
159
159
159
159
159
159
159
159
159
159
159
159
159
159
159
159
159
159
159
159
159
159
159
159
159
159
159
159
159
159
159
159
159
159
159
159
159
159
159
159
159
158
159
159
159
159
159
159
159
159
159
159
159
159
160
160
159
159
160
160
160
160
159
159
159
159
159
159
159
159
159
159
159
159
159
159
159
159
159
159
159
159
159
159
159
159
159
159
159
159
159
159
160
160
160
160
160
160
159
159
159
159
159
159
159
159
159
159
159
159
160
160
160
160
160
160
160
160
160
160
160
160
160
160
160
160
160
160
160
160
160
161
161
160
160
160
160
160
160
160
160
160
160
160
160
160
161
161
160
160
160
161
161
160
160
161
160
160
160
160
160
160
160
160
160
160
160
160
160
160
160
160
160
161
160
160
160
161
161
160
160
160
160
160
160
160
160
160
160
160
160
160
160
160
161
160
160
161
160
161
160
161
161
161
161
161
161
161
161
161
161
161
161
161
161
161
161
161
161
161
161
161
161
161
160
160
160
161
160
160
160
160
160
160
160
160
160
161
161
161
160
161
160
160
161
161
161
161
161
161
161
161
161
161
161
161
161
161
161
161
161
161
161
161
161
161
161
161
161
161
161
161
161
161
161
161
161
161
161
161
161
161
161
161
161
161
160
161
161
161
160
160
161
161
161
160
160
161
161
161
161
161
161
161
161
161
161
161
161
161
161
161
161
161
161
161
161
161
161
161
161
161
161
161
161
161
161
161
161
161
161
161
162
161
161
161
162
161
161
161
161
161
161
161
161
161
161
161
161
161
161
161
162
162
161
161
161
161
161
161
161
161
161
161
161
160
161
160
161
160
161
161
162
162
163
163
162
161
160
160
160
160
161
161
162
162
162
162
163
164
163
164
164
164
164
164
164
164
164
164
164
163
163
163
163
163
163
163
163
163
163
162
163
163
163
163
163
163
162
163
163
163
163
163
163
163
163
163
164
164
164
164
165
164
164
164
164
164
164
164
164
164
163
163
163
162
162
162
162
162
162
162
162
163
162
162
162
162
162
161
162
162
162
162
162
162
162
162
162
162
162
162
162
162
162
162
162
162
162
162
162
162
162
162
162
162
162
162
162
162
162
162
162
162
163
163
163
163
163
163
163
163
163
163
163
163
163
163
163
163
163
163
163
163
163
163
163
163
163
163
163
163
163
163
163
164
163
163
163
163
163
163
163
163
163
163
163
163
163
163
162
162
163
163
162
162
162
162
163
163
163
163
163
163
163
163
164
163
163
163
163
163
163
163
163
163
163
163
163
163
162
162
162
162
162
162
162
162
162
163
163
163
163
163
163
163
163
163
163
163
163
163
163
163
163
163
163
163
163
163
163
163
163
163
163
163
163
163
163
163
163
163
163
163
163
164
163
164
164
164
164
164
164
164
163
164
163
163
163
163
164
163
163
163
163
163
163
163
163
163
163
163
163
163
163
163
163
163
163
163
163
163
163
163
163
163
164
164
163
163
163
163
163
163
163
163
163
163
163
163
162
162
162
162
163
163
163
163
163
163
164
163
163
163
164
164
164
164
164
165
165
165
165
164
164
164
164
165
165
165
164
165
164
164
164
164
164
164
164
164
163
164
164
164
164
164
164
164
163
163
163
163
163
163
163
164
164
164
164
164
164
164
165
165
165
165
165
165
165
166
166
166
166
166
167
166
166
166
166
166
165
165
166
165
165
166
166
166
166
166
165
166
165
165
165
165
164
164
164
165
165
165
165
165
165
165
165
166
165
165
164
164
164
164
164
164
164
164
164
164
164
165
165
165
165
165
165
165
165
165
165
165
165
165
165
165
165
165
165
165
165
165
165
165
165
165
165
165
165
166
166
165
165
166
165
165
165
165
164
165
165
165
165
165
165
165
165
164
164
165
164
164
164
164
164
164
164
164
164
164
164
164
164
165
165
165
165
165
165
165
165
165
165
165
165
165
165
165
165
165
165
165
165
164
165
165
165
165
165
165
165
165
165
165
165
165
165
165
165
165
165
165
165
165
165
164
165
165
165
165
165
165
165
165
165
165
165
165
165
165
165
165
165
165
165
166
166
166
165
166
166
165
165
165
165
165
165
165
165
165
165
165
165
165
165
165
165
165
165
165
165
166
165
165
165
165
165
165
165
165
164
165
165
165
165
165
165
165
165
165
165
165
165
165
165
165
165
165
165
164
165
165
164
164
165
165
165
165
165
165
165
165
165
165
165
166
166
165
166
165
166
166
166
166
165
165
165
165
165
166
166
166
166
166
166
166
166
166
166
165
165
165
165
165
165
165
165
165
165
165
165
165
165
165
165
165
165
165
165
165
165
165
165
165
165
166
165
165
165
165
165
165
165
165
165
165
165
165
165
165
165
165
165
165
165
165
165
165
165
165
165
165
165
165
164
164
165
165
164
164
164
164
164
