- Blood Lab

- Experiment date = 2021-11-11 13:36:00
- Experiment duration = 60.01 s
- Number of samples in measure = 0
- Sampling period = 10306.67 us
- Sampling frequency = 97 Hz
- Samples count = 5822

- adc12bit
141
142
142
142
142
141
142
142
142
142
142
142
142
142
141
141
142
141
141
141
141
142
141
142
141
141
141
141
141
141
141
141
141
141
141
141
141
141
141
141
141
141
141
141
141
141
141
141
141
141
141
141
141
141
141
141
141
141
141
141
141
141
141
141
141
141
141
141
141
141
141
141
141
141
141
141
141
141
141
141
141
141
141
141
141
141
141
141
141
141
141
141
141
141
141
141
141
141
141
141
141
141
141
141
141
141
141
140
141
140
140
141
140
140
140
140
141
140
141
140
140
140
140
141
140
141
140
140
140
140
140
140
140
140
140
140
141
141
140
141
140
140
140
140
140
140
141
141
141
140
140
140
142
144
149
153
157
162
166
172
177
183
189
196
199
206
213
219
225
229
233
236
237
237
237
236
233
231
229
226
224
223
222
220
219
218
217
217
216
215
215
214
214
213
213
212
212
212
211
211
210
210
210
210
209
209
208
209
211
217
225
237
249
262
275
287
301
314
326
335
341
343
343
339
333
327
322
318
315
312
310
308
306
305
304
302
301
301
299
298
297
296
295
294
293
292
292
291
290
289
289
291
300
314
331
350
367
389
410
431
449
465
476
482
484
484
480
474
466
460
455
452
448
444
442
440
438
436
435
433
432
431
430
427
427
424
423
422
421
419
418
417
415
415
413
413
411
412
426
451
472
498
528
556
577
608
629
651
667
678
684
686
683
677
667
660
653
648
643
639
634
632
628
626
622
620
617
616
613
611
609
608
606
604
601
599
597
595
594
591
590
589
588
587
588
605
638
668
705
742
787
821
856
891
915
936
951
958
958
955
947
936
928
921
914
908
902
899
894
889
885
881
879
875
870
867
866
863
860
858
856
853
850
849
847
844
841
839
838
835
833
832
840
870
906
956
999
1045
1096
1136
1183
1223
1251
1276
1289
1294
1295
1291
1279
1268
1260
1253
1245
1239
1231
1229
1222
1217
1213
1211
1209
1208
1208
1206
1204
1203
1203
1200
1196
1193
1189
1187
1183
1180
1176
1173
1169
1168
1164
1163
1161
1176
1207
1247
1300
1351
1401
1457
1507
1555
1596
1631
1652
1669
1680
1683
1680
1668
1656
1650
1642
1631
1625
1619
1619
1607
1604
1598
1594
1589
1584
1580
1577
1569
1567
1564
1563
1555
1555
1549
1548
1542
1541
1536
1534
1529
1528
1525
1526
1521
1520
1535
1570
1607
1663
1713
1777
1838
1893
1940
1993
2027
2055
2070
2079
2080
2072
2063
2054
2043
2035
2030
2024
2017
2011
2006
1998
1995
1990
1986
1980
1977
1976
1969
1964
1960
1958
1954
1950
1947
1943
1939
1936
1933
1935
1928
1923
1921
1919
1916
1912
1911
1907
1905
1912
1938
1983
2032
2086
2150
2206
2266
2319
2356
2406
2430
2439
2448
2451
2444
2434
2427
2418
2408
2401
2395
2392
2387
2383
2375
2374
2367
2364
2358
2353
2345
2344
2340
2337
2334
2332
2326
2324
2323
2317
2312
2310
2307
2306
2304
2300
2298
2291
2284
2284
2283
2279
2276
2276
2274
2270
2266
2267
2291
2323
2369
2425
2481
2547
2612
2671
2727
2770
2792
2822
2847
2854
2869
2869
2871
2869
2868
2856
2849
2839
2833
2828
2823
2817
2814
2809
2806
2796
2791
2791
2785
2783
2777
2772
2770
2767
2764
2756
2752
2748
2750
2742
2741
2736
2736
2731
2729
2724
2724
2718
2717
2716
2712
2713
2705
2706
2702
2696
2695
2691
2688
2687
2682
2680
2679
2675
2676
2675
2668
2668
2665
2662
2660
2657
2656
2652
2652
2647
2645
2645
2641
2642
2638
2636
2635
2630
2628
2626
2631
2622
2624
2616
2621
2617
2615
2609
2607
2607
2599
2600
2598
2595
2596
2593
2592
2592
2590
2584
2582
2584
2580
2578
2577
2572
2577
2572
2571
2568
2564
2563
2561
2560
2558
2555
2555
2551
2550
2551
2549
2546
2544
2546
2542
2540
2543
2543
2535
2531
2529
2528
2527
2527
2523
2520
2520
2520
2516
2515
2516
2511
2508
2508
2507
2505
2502
2502
2500
2502
2495
2497
2495
2494
2492
2487
2488
2483
2483
2482
2480
2477
2478
2476
2476
2473
2471
2468
2470
2464
2463
2463
2462
2460
2458
2456
2455
2452
2452
2451
2451
2448
2449
2444
2441
2441
2438
2437
2439
2435
2435
2430
2432
2434
2424
2430
2428
2424
2424
2423
2425
2416
2416
2413
2414
2411
2410
2407
2406
2406
2400
2403
2401
2400
2397
2398
2394
2393
2391
2390
2388
2391
2387
2388
2387
2385
2379
2380
2378
2375
2375
2373
2371
2372
2367
2368
2367
2364
2364
2366
2363
2360
2359
2358
2353
2353
2351
2351
2350
2349
2349
2342
2347
2342
2344
2342
2340
2339
2336
2332
2333
2331
2328
2326
2324
2323
2323
2319
2318
2319
2312
2313
2314
2309
2308
2306
2305
2307
2305
2303
2299
2299
2294
2292
2292
2291
2287
2286
2282
2280
2281
2279
2275
2275
2272
2272
2269
2265
2263
2264
2261
2259
2259
2256
2255
2255
2251
2249
2248
2248
2244
2240
2243
2239
2236
2236
2233
2232
2227
2230
2225
2226
2223
2220
2218
2219
2217
2216
2211
2209
2206
2209
2205
2202
2200
2201
2198
2195
2195
2194
2195
2189
2188
2185
2185
2183
2179
2182
2176
2175
2175
2171
2169
2172
2170
2166
2164
2164
2163
2160
2161
2158
2159
2155
2152
2152
2148
2149
2144
2144
2142
2139
2140
2142
2138
2134
2131
2129
2128
2128
2122
2123
2121
2121
2118
2120
2115
2113
2114
2112
2110
2107
2108
2103
2101
2099
2097
2099
2100
2096
2095
2092
2089
2089
2088
2084
2084
2083
2079
2077
2076
2076
2073
2073
2070
2070
2067
2065
2064
2061
2062
2060
2058
2057
2056
2055
2052
2044
2049
2050
2046
2044
2043
2040
2040
2040
2036
2038
2032
2033
2029
2028
2028
2025
2024
2023
2021
2020
2017
2016
2018
2016
2015
2012
2014
2010
2009
2006
2004
2004
2002
2001
2000
1998
1996
1994
1991
1993
1988
1987
1986
1983
1985
1980
1979
1980
1979
1978
1972
1972
1969
1969
1968
1968
1963
1963
1964
1963
1960
1958
1956
1956
1953
1953
1950
1948
1946
1947
1946
1944
1938
1939
1939
1937
1934
1935
1932
1931
1931
1927
1926
1927
1923
1922
1920
1921
1919
1916
1914
1912
1911
1911
1910
1909
1907
1904
1903
1903
1900
1903
1897
1898
1894
1894
1894
1892
1893
1892
1890
1888
1887
1889
1884
1879
1880
1879
1879
1876
1875
1873
1872
1870
1870
1867
1863
1865
1862
1860
1861
1857
1854
1856
1854
1852
1853
1852
1850
1848
1848
1843
1842
1841
1841
1838
1838
1838
1833
1834
1832
1831
1832
1827
1826
1823
1823
1820
1823
1819
1817
1816
1814
1816
1812
1812
1809
1807
1809
1806
1804
1801
1800
1799
1799
1799
1795
1794
1795
1793
1793
1788
1788
1787
1788
1786
1785
1785
1784
1783
1780
1779
1777
1775
1776
1772
1771
1768
1769
1767
1767
1763
1763
1761
1761
1760
1756
1758
1755
1753
1752
1752
1752
1748
1748
1747
1746
1744
1742
1740
1738
1740
1737
1735
1734
1734
1734
1730
1727
1727
1723
1728
1724
1723
1720
1720
1720
1720
1716
1715
1712
1712
1711
1709
1708
1710
1706
1707
1703
1703
1703
1699
1698
1697
1696
1696
1698
1692
1692
1690
1688
1687
1688
1686
1683
1683
1682
1683
1681
1684
1681
1680
1681
1678
1677
1677
1673
1673
1669
1668
1665
1664
1663
1663
1660
1659
1663
1658
1657
1656
1649
1651
1651
1651
1650
1647
1646
1644
1644
1644
1646
1641
1635
1636
1636
1636
1634
1632
1630
1628
1629
1626
1627
1624
1622
1622
1622
1619
1619
1617
1615
1615
1610
1612
1610
1610
1608
1606
1606
1605
1606
1603
1602
1599
1598
1599
1596
1594
1594
1593
1591
1591
1590
1587
1587
1586
1585
1585
1582
1579
1582
1580
1580
1579
1579
1576
1580
1576
1575
1575
1574
1574
1570
1568
1567
1565
1564
1564
1560
1561
1558
1556
1557
1558
1552
1553
1550
1550
1550
1547
1548
1546
1544
1543
1543
1543
1539
1540
1537
1536
1534
1535
1532
1532
1529
1530
1528
1526
1525
1525
1522
1521
1520
1520
1518
1517
1517
1519
1515
1514
1511
1509
1509
1510
1505
1505
1504
1503
1504
1500
1500
1501
1495
1497
1495
1494
1493
1493
1492
1489
1488
1487
1488
1487
1484
1484
1483
1481
1480
1479
1479
1480
1482
1481
1480
1479
1480
1479
1478
1476
1474
1472
1471
1469
1465
1465
1462
1461
1461
1461
1459
1457
1456
1456
1452
1451
1452
1453
1450
1451
1448
1447
1449
1447
1444
1441
1440
1442
1439
1439
1436
1436
1435
1435
1432
1432
1428
1432
1428
1428
1426
1426
1423
1423
1421
1420
1419
1418
1416
1419
1415
1415
1412
1412
1412
1410
1409
1408
1409
1405
1406
1405
1403
1400
1400
1400
1399
1396
1396
1395
1396
1395
1391
1391
1390
1390
1394
1393
1391
1390
1391
1392
1391
1390
1391
1388
1388
1386
1383
1383
1379
1378
1376
1374
1373
1374
1374
1368
1368
1367
1367
1366
1366
1366
1363
1362
1364
1361
1361
1359
1358
1356
1357
1354
1352
1352
1351
1349
1350
1349
1348
1345
1344
1343
1342
1342
1340
1339
1339
1338
1339
1335
1334
1333
1332
1331
1330
1328
1329
1328
1327
1326
1325
1326
1323
1323
1323
1320
1320
1319
1318
1318
1315
1314
1313
1313
1311
1310
1310
1310
1308
1308
1307
1308
1307
1308
1308
1310
1310
1310
1310
1310
1307
1308
1305
1305
1301
1299
1297
1297
1294
1292
1290
1291
1287
1287
1286
1286
1284
1281
1282
1283
1282
1280
1281
1279
1278
1276
1276
1275
1273
1273
1272
1272
1270
1269
1268
1265
1265
1264
1263
1262
1261
1260
1261
1257
1258
1258
1256
1255
1255
1255
1253
1251
1251
1251
1248
1248
1247
1248
1245
1244
1243
1244
1241
1240
1240
1239
1238
1237
1235
1235
1234
1233
1232
1234
1231
1236
1232
1235
1236
1236
1236
1237
1239
1240
1237
1235
1234
1231
1230
1228
1225
1224
1223
1222
1220
1219
1217
1216
1214
1212
1211
1212
1210
1211
1208
1207
1207
1207
1206
1204
1203
1203
1203
1201
1200
1197
1196
1196
1195
1195
1192
1193
1192
1191
1189
1188
1187
1188
1185
1185
1184
1183
1182
1180
1178
1179
1178
1178
1176
1176
1176
1174
1174
1172
1172
1171
1171
1169
1169
1169
1165
1166
1167
1164
1164
1163
1162
1161
1160
1159
1159
1159
1160
1161
1161
1165
1166
1165
1167
1167
1167
1167
1164
1162
1161
1160
1158
1157
1154
1154
1154
1151
1151
1148
1147
1147
1144
1144
1143
1142
1141
1138
1137
1138
1137
1137
1136
1135
1133
1132
1132
1131
1132
1128
1127
1125
1124
1123
1123
1122
1120
1120
1120
1118
1119
1118
1117
1116
1115
1113
1112
1112
1109
1111
1109
1108
1108
1108
1106
1107
1105
1104
1102
1102
1101
1101
1101
1099
1098
1099
1096
1097
1096
1096
1095
1096
1095
1097
1100
1099
1100
1103
1103
1104
1103
1101
1100
1100
1098
1097
1093
1093
1092
1092
1090
1088
1088
1088
1085
1084
1083
1082
1081
1080
1079
1079
1078
1077
1078
1075
1075
1074
1075
1070
1071
1069
1069
1067
1066
1065
1065
1064
1063
1062
1060
1059
1059
1057
1056
1055
1055
1055
1052
1053
1051
1051
1051
1048
1047
1049
1048
1046
1046
1045
1045
1044
1042
1041
1041
1041
1038
1038
1038
1037
1037
1036
1035
1034
1035
1035
1033
1035
1037
1039
1040
1043
1044
1043
1043
1043
1043
1040
1039
1039
1036
1037
1035
1034
1033
1031
1031
1030
1028
1027
1026
1025
1025
1024
1023
1024
1022
1021
1021
1020
1021
1020
1018
1016
1016
1015
1015
1012
1011
1010
1010
1008
1007
1006
1006
1005
1003
1002
1003
1001
999
999
998
996
996
996
995
993
994
992
991
990
990
989
988
988
988
987
985
984
985
983
984
982
982
980
981
980
982
983
984
987
990
991
991
991
990
989
989
988
985
984
985
984
983
981
980
981
979
978
976
975
976
975
973
973
970
971
971
971
969
970
969
969
967
965
965
963
963
962
962
960
960
960
957
958
956
955
955
954
952
952
951
950
950
948
948
948
946
946
945
944
944
942
943
941
942
942
938
939
938
936
935
935
935
934
934
935
936
937
940
942
943
942
944
942
940
941
941
939
938
937
937
935
935
935
933
934
933
930
931
930
929
929
928
927
927
927
926
924
925
923
922
923
921
923
921
918
918
919
916
915
915
914
916
913
912
910
910
910
908
908
907
907
906
905
904
903
903
902
902
901
900
901
899
898
898
896
897
895
895
895
896
897
899
901
902
902
903
903
901
902
901
900
900
899
898
897
896
897
896
895
896
895
894
893
891
892
891
890
890
889
889
888
887
886
887
886
885
884
884
883
882
883
880
880
879
878
878
876
876
876
875
875
873
872
871
871
870
870
870
868
867
867
865
866
864
865
864
863
862
862
860
860
860
859
860
857
856
856
858
858
861
862
864
864
864
865
864
865
864
864
863
862
862
860
863
860
860
859
859
859
858
857
856
855
854
854
855
854
854
852
851
851
851
849
849
848
848
847
847
846
844
845
844
844
842
842
841
840
839
838
838
837
836
836
836
835
834
833
833
831
832
831
830
829
830
828
828
826
824
826
825
824
824
824
823
824
824
827
828
828
830
830
830
831
829
831
829
828
828
828
827
828
826
826
825
824
824
824
822
822
821
821
820
819
819
819
819
818
817
817
816
817
816
815
815
812
813
811
812
810
810
808
808
808
807
807
806
805
804
803
804
803
803
802
802
801
800
800
799
799
797
798
798
797
795
795
795
793
794
793
793
791
791
791
792
793
796
798
798
798
798
797
797
797
796
797
795
795
794
793
793
793
792
793
792
791
791
790
790
789
789
788
789
788
790
786
786
786
785
785
784
784
783
783
782
783
781
781
781
779
780
778
779
779
775
776
776
775
775
774
773
774
772
772
772
771
771
771
770
769
770
768
768
768
766
767
766
765
766
766
768
769
770
771
771
771
771
770
771
769
770
770
768
767
768
768
767
766
767
765
765
764
763
765
762
762
764
762
761
762
761
760
761
759
760
759
759
758
758
758
756
756
756
755
755
754
754
753
752
751
752
751
751
750
750
749
748
748
748
748
747
746
747
745
745
744
744
743
743
744
743
741
740
742
742
742
743
744
745
746
746
746
746
745
745
744
745
744
743
743
744
743
743
744
742
741
741
740
739
741
739
739
739
739
738
739
738
738
737
737
736
735
735
735
735
734
734
734
733
734
732
732
732
731
731
730
730
730
728
728
728
727
727
727
727
726
724
724
725
723
723
723
722
722
720
721
722
721
723
723
724
724
725
725
726
725
724
724
724
724
724
724
723
723
723
723
723
723
722
722
721
721
721
720
721
720
720
720
720
719
719
720
719
719
719
719
719
718
717
717
717
716
716
715
716
715
715
713
713
713
713
713
712
711
710
711
710
710
709
710
708
709
708
708
707
706
707
707
706
706
707
707
710
708
710
710
710
710
709
709
710
709
708
709
708
708
708
708
709
707
707
706
707
707
706
704
705
705
706
704
704
703
703
703
703
702
701
701
702
700
700
700
699
698
698
699
697
697
697
696
696
697
696
695
694
694
692
693
692
691
691
691
690
689
688
689
688
687
688
687
686
688
686
686
684
685
686
687
689
688
689
689
689
688
689
688
687
687
687
687
686
686
687
687
686
685
685
684
685
683
684
683
684
683
682
682
682
681
683
681
681
681
679
679
678
679
678
678
678
676
676
675
675
675
674
675
674
674
673
671
671
671
671
670
670
669
669
669
670
667
668
666
666
664
666
664
664
664
667
667
667
667
668
667
667
667
667
666
667
666
666
665
665
665
666
665
664
665
664
663
663
663
662
662
663
662
661
661
661
660
660
659
659
660
659
658
658
657
658
657
656
657
656
655
656
655
654
653
653
652
653
651
651
651
651
650
649
649
647
648
648
648
647
646
646
646
645
644
646
644
644
644
644
645
644
646
646
647
647
647
647
647
646
646
646
645
644
644
644
644
644
644
643
643
644
643
643
643
641
641
641
640
640
640
638
639
638
639
638
638
636
636
636
636
636
635
634
634
634
633
633
632
632
631
630
631
631
630
630
629
629
628
629
628
627
626
627
626
625
625
625
624
624
623
624
624
624
627
625
625
626
627
626
626
624
625
625
625
624
624
624
624
624
624
623
623
623
622
622
620
621
620
620
620
620
620
620
619
618
618
618
618
617
616
616
616
616
615
614
614
614
614
613
612
612
611
611
610
609
609
610
609
608
608
608
608
607
606
606
606
606
605
605
604
605
603
604
604
604
606
606
606
607
607
607
607
606
606
606
606
606
604
605
606
604
605
604
603
603
603
602
601
601
601
600
601
601
600
600
599
599
598
599
598
598
598
598
597
596
596
596
595
595
595
595
594
594
595
593
593
593
592
592
591
591
591
591
591
590
590
590
589
588
588
588
587
587
588
588
589
589
591
590
591
590
591
591
590
590
589
589
588
589
588
588
588
588
588
587
587
587
586
586
585
585
585
585
584
584
583
583
583
583
582
582
582
582
581
580
580
580
580
579
578
578
577
577
577
577
576
577
575
574
575
574
575
574
574
572
573
573
572
571
571
570
570
569
569
569
569
570
571
572
572
572
573
573
573
572
572
572
571
572
571
571
571
571
570
571
571
570
571
569
570
569
569
568
568
568
568
567
567
567
566
565
566
565
565
565
565
564
563
563
563
563
562
561
563
562
561
560
560
560
559
558
558
558
558
557
556
557
556
556
556
555
555
554
555
554
554
555
556
556
557
557
558
557
557
557
558
557
556
556
556
555
555
555
555
554
555
553
553
552
552
552
551
551
552
551
550
551
551
550
550
549
549
548
548
547
547
547
547
547
546
545
547
545
545
544
544
545
543
543
543
542
543
542
542
542
541
541
540
541
540
540
540
540
541
542
542
542
543
543
542
543
543
543
542
542
541
541
541
541
541
540
541
540
539
540
539
539
539
538
538
538
537
537
537
537
536
536
536
535
536
534
534
534
534
533
533
534
533
532
532
532
531
531
531
531
530
530
529
529
529
529
529
528
528
528
528
528
527
528
528
529
529
530
530
530
530
530
531
529
530
528
529
528
527
528
528
528
528
527
527
527
526
526
526
525
525
525
525
525
524
524
524
524
523
524
523
523
522
522
521
521
521
520
520
520
519
519
519
519
518
518
518
517
517
517
516
516
516
515
515
515
515
515
514
515
515
516
517
517
517
518
517
518
517
517
516
516
516
516
516
515
515
515
515
515
514
514
514
513
513
513
513
512
512
512
511
511
511
511
511
510
510
510
509
509
508
508
508
508
507
507
507
507
507
506
506
505
505
505
505
504
504
503
503
503
503
503
503
503
503
503
504
504
504
505
505
506
506
506
506
504
505
505
505
504
504
504
504
504
504
504
504
504
503
503
502
502
502
502
502
502
501
501
501
501
501
500
500
499
499
499
499
498
497
498
497
497
496
496
496
495
495
495
494
494
494
493
494
494
494
494
493
492
492
492
492
491
491
490
490
491
491
492
493
492
492
493
492
492
492
492
492
492
491
491
490
491
491
490
490
490
490
489
489
488
488
488
488
488
488
488
487
487
487
487
487
487
486
485
485
485
485
484
484
483
484
483
483
483
482
482
482
481
481
481
480
480
480
481
479
479
479
478
478
479
478
478
478
478
477
477
478
478
479
479
479
480
479
479
479
479
479
479
478
477
477
477
476
477
477
476
476
476
476
475
476
476
475
474
475
475
474
473
474
474
473
473
472
473
472
472
471
471
471
471
471
470
470
469
468
469
468
469
468
468
468
467
467
467
467
466
466
466
466
465
466
465
465
464
464
464
464
463
463
463
463
463
464
464
465
466
465
465
465
465
465
465
464
464
464
463
464
463
463
463
463
463
462
462
462
462
462
462
461
461
460
460
461
460
460
460
460
460
459
459
458
458
458
458
458
458
457
457
457
456
456
455
455
455
455
455
454
455
454
454
454
453
453
453
453
452
453
452
452
452
451
451
452
451
452
452
453
452
453
453
454
453
452
453
452
452
452
452
451
451
451
451
451
450
450
450
450
449
449
449
449
449
449
449
448
448
448
448
448
448
447
447
447
447
447
446
446
446
446
445
445
444
444
444
444
444
444
443
443
443
443
444
442
442
443
442
442
441
441
441
440
440
440
440
440
440
441
441
441
442
443
442
443
442
442
442
441
441
441
440
440
441
440
440
440
439
439
439
439
439
439
439
439
438
438
438
438
438
438
438
437
437
437
437
436
436
436
435
435
435
435
435
435
435
435
434
434
434
433
433
433
433
432
432
432
432
431
431
431
432
431
431
431
431
432
432
432
433
432
433
433
433
432
432
432
432
431
431
431
430
431
431
430
430
429
430
429
429
429
429
429
428
428
428
428
428
428
427
428
426
427
426
427
426
425
426
425
425
425
425
425
424
424
424
424
423
423
423
423
423
423
423
422
422
422
421
421
421
421
420
420
420
420
421
421
422
422
422
422
422
422
422
421
421
421
421
420
420
420
420
419
419
420
419
419
418
420
418
418
418
418
418
418
418
418
417
417
417
417
417
416
416
416
416
416
416
415
415
415
414
414
414
414
414
413
413
413
414
413
413
412
412
412
412
411
411
411
411
411
411
410
410
411
412
412
412
412
412
412
412
412
412
411
412
410
410
410
410
410
410
409
409
410
409
409
409
408
409
408
408
408
408
407
408
408
408
408
407
407
406
406
407
407
406
405
405
405
405
405
404
405
404
404
404
404
404
403
404
403
403
403
402
403
402
402
402
402
401
401
401
401
400
401
401
402
402
403
402
402
402
402
402
402
402
400
401
400
401
400
400
400
400
400
400
400
399
399
399
399
399
399
399
399
398
398
398
398
398
397
397
397
397
397
396
396
396
396
396
396
395
395
395
395
395
394
395
394
394
394
393
393
393
393
393
393
393
392
392
393
392
392
392
393
393
393
393
394
394
393
393
394
393
392
392
392
392
392
392
392
391
392
391
391
391
391
391
391
391
390
390
391
390
390
390
390
389
389
389
388
388
389
388
388
388
388
388
388
388
388
387
387
387
386
386
387
386
386
386
386
385
386
384
384
384
384
384
384
384
384
384
384
384
386
386
386
385
385
385
385
385
385
384
384
384
384
383
384
383
384
383
382
383
382
383
382
382
382
382
382
382
382
381
381
381
381
380
381
380
380
380
380
380
379
379
380
379
379
379
379
378
378
378
378
377
377
377
378
377
377
376
376
376
376
376
376
376
375
375
375
376
376
376
376
376
377
377
377
376
376
376
375
376
375
375
375
375
375
375
374
374
374
374
374
374
374
374
373
373
373
373
373
373
373
373
372
372
372
372
372
371
371
371
371
371
370
371
370
370
371
370
370
370
370
369
369
369
370
369
368
369
368
368
368
368
368
368
368
368
368
369
369
369
369
369
369
369
369
368
368
368
368
367
367
367
367
367
367
366
367
366
366
366
366
366
365
366
366
366
366
366
365
364
365
365
365
364
364
364
364
364
364
364
363
363
363
363
363
363
363
362
362
362
362
362
362
362
362
361
361
361
361
361
361
361
360
361
361
361
361
361
362
362
361
363
362
362
361
361
361
361
361
360
361
360
360
360
359
360
360
359
359
359
359
359
359
359
359
359
359
358
358
358
358
358
358
358
357
357
357
357
357
357
356
357
356
356
356
356
355
356
355
355
355
355
355
355
354
355
355
355
354
354
353
353
354
353
353
353
353
353
353
353
354
354
354
354
354
354
354
354
353
353
353
353
352
352
352
352
353
352
352
352
352
351
352
352
351
351
351
351
351
351
351
351
351
350
350
350
350
349
349
349
349
349
349
349
349
349
348
349
348
348
348
348
348
348
348
348
347
348
347
347
347
346
346
346
346
346
346
346
346
346
346
346
347
347
347
347
347
348
347
347
347
346
346
346
346
346
346
345
345
345
345
345
344
344
345
345
345
344
345
344
344
344
344
344
344
343
344
344
343
343
343
343
343
343
342
342
342
342
342
342
342
342
341
341
341
341
341
341
341
341
340
340
340
340
340
340
340
340
340
340
340
341
341
341
341
341
341
341
341
340
340
341
340
340
339
340
339
339
339
339
339
338
338
339
339
339
339
338
338
338
339
338
338
338
338
337
338
337
337
338
337
337
337
336
336
336
336
336
336
337
336
336
336
335
335
335
335
335
335
335
335
334
335
334
334
334
334
334
334
334
334
334
334
334
335
335
335
335
335
335
335
335
335
334
334
334
333
333
334
333
333
333
333
333
332
332
332
332
332
332
333
332
332
332
332
332
332
331
331
332
331
331
331
331
330
330
331
330
330
330
330
330
330
330
329
330
330
330
330
329
329
329
329
329
328
328
328
328
328
328
327
328
327
328
328
327
327
327
327
327
327
327
327
328
328
329
328
329
328
328
328
328
328
327
327
327
327
327
327
327
327
326
326
326
326
327
326
326
326
326
326
326
326
325
325
325
325
325
325
325
324
324
324
324
324
324
324
324
323
324
323
323
324
324
323
323
323
323
323
323
323
322
322
322
322
322
322
322
322
321
322
321
321
321
321
321
321
321
322
322
323
323
323
323
322
322
322
322
321
322
321
321
321
321
321
321
321
320
320
320
320
320
320
320
320
320
320
320
320
320
320
320
320
319
319
319
319
319
319
318
319
319
318
318
319
318
318
318
318
318
318
318
317
317
317
317
318
317
317
317
317
317
317
317
316
316
316
317
317
317
317
318
317
318
318
317
317
317
317
316
316
316
316
316
316
316
316
315
315
315
315
315
315
315
315
315
315
315
315
315
315
315
314
314
314
314
314
314
314
314
314
314
313
313
313
313
313
313
313
313
313
313
314
313
313
312
312
313
312
312
312
313
312
312
312
312
312
313
313
313
313
313
313
313
313
312
313
312
312
312
312
312
312
312
311
312
311
311
311
311
311
311
311
311
311
311
311
311
311
311
311
310
310
310
310
310
310
310
310
310
310
309
309
309
309
309
309
309
309
309
309
308
309
309
308
308
308
308
308
307
307
307
308
308
307
307
307
307
307
307
307
308
308
308
308
308
309
308
308
308
308
307
308
308
307
307
307
307
307
307
307
307
307
306
306
307
307
306
306
307
306
306
306
306
306
306
306
305
305
305
305
305
305
305
305
305
304
304
304
304
304
304
304
304
303
303
304
304
303
304
303
303
303
303
303
303
302
303
303
302
302
302
302
302
302
303
303
303
303
303
303
303
302
303
303
303
302
302
302
302
302
302
302
301
302
302
302
301
301
301
301
301
301
301
301
301
301
301
301
301
301
300
301
300
300
300
300
300
300
300
300
299
299
299
299
300
299
299
299
299
299
298
299
299
299
300
299
298
298
299
298
298
298
298
297
297
298
298
298
298
298
298
299
298
298
299
298
298
298
298
298
297
298
297
297
297
297
297
297
297
297
297
297
297
297
297
297
297
297
297
297
296
297
296
296
296
296
296
296
296
297
296
296
295
296
296
295
295
295
295
295
295
295
295
295
295
295
295
295
295
295
294
294
294
295
295
294
294
294
293
293
294
294
294
294
295
295
295
295
295
295
294
294
294
294
294
294
294
293
294
294
293
293
293
293
293
293
292
293
293
293
293
293
293
292
292
292
292
293
292
292
292
292
292
292
292
291
292
292
291
291
291
291
291
291
291
291
291
291
290
290
290
290
290
290
290
290
290
290
290
290
290
289
290
289
289
289
289
289
289
289
288
289
289
289
290
290
290
290
290
290
290
290
289
289
289
289
289
289
289
288
289
289
288
288
288
288
288
288
288
288
288
288
288
288
288
288
287
287
287
287
288
287
287
287
287
288
287
288
287
287
287
287
287
287
286
286
286
286
288
286
287
286
286
286
286
286
286
286
285
286
285
285
285
285
285
284
285
285
285
284
285
285
286
286
286
286
286
286
285
285
286
284
285
285
285
285
284
284
285
284
286
284
284
284
284
285
284
284
284
284
283
284
284
284
284
284
284
283
283
284
284
283
284
284
283
283
283
283
283
283
283
283
283
282
282
283
283
282
282
283
282
282
282
282
282
282
282
282
281
282
281
282
282
282
282
282
283
283
283
283
283
283
282
282
282
282
281
282
281
281
281
281
281
281
281
281
281
281
281
281
281
281
281
281
281
281
281
281
281
281
280
280
280
280
280
280
280
280
280
280
280
280
280
279
280
280
279
280
279
279
279
279
278
279
279
279
279
279
279
278
278
278
278
278
278
278
278
278
278
279
279
279
279
279
279
279
279
279
279
278
278
278
278
278
278
278
277
278
278
278
278
277
278
277
277
277
277
278
278
278
277
277
277
277
277
277
277
277
277
277
277
276
276
276
276
276
276
275
275
276
276
