- Jet Lab

- Experiment date = 2021-11-18 13:55:56
- Number of samples in measure = 1800
- Number of motor steps between measures = 1
- Measures count = 1800

- adc12bit
1058
1056
1056
1058
1061
1060
1065
1060
1058
1064
1063
1062
1059
1060
1061
1061
1055
1064
1056
1065
1058
1060
1056
1068
1051
1071
1056
1066
1058
1063
1052
1070
1062
1067
1057
1069
1064
1069
1071
1068
1068
1068
1056
1056
1067
1061
1057
1064
1064
1034
1065
1068
1066
1065
1044
1058
1068
1063
1063
1060
1068
1058
1072
1053
1069
1060
1060
1056
1060
1053
1063
1056
1068
1062
1069
1067
1062
1060
1067
1059
1072
1060
1056
1056
1049
1065
1064
1060
1068
1065
1056
1059
1052
1054
1062
1073
1062
1072
1062
1073
1064
1072
1062
1072
1062
1072
1057
1067
1066
1069
1066
1064
1069
1066
1064
1068
1070
1064
1061
1069
1064
1067
1063
1068
1061
1062
1065
1062
1058
1062
1062
1068
1072
1066
1064
1065
1056
1060
1061
1057
1060
1054
1064
1051
1065
1062
1068
1062
1022
1061
1068
1066
1072
1065
1062
1064
1067
1068
1074
1061
1056
1059
1068
1068
1060
1059
1068
1062
1070
1060
1072
1065
1072
1075
1064
1064
1069
1065
1072
1073
1070
1066
1070
1064
1064
1062
1060
1057
1054
1064
1056
1072
1050
1067
1060
1064
1063
1070
1056
1060
1062
1060
1065
1070
1063
1064
1057
1063
1064
1068
1066
1070
1068
1062
1064
1064
1068
1062
1062
1072
1056
1060
1063
1058
1060
1063
1056
1019
1064
1060
1071
1060
1066
1058
1067
1057
1066
1058
1071
1064
1062
1030
1057
1056
1064
1060
1056
1062
1065
1060
1062
1066
1073
1057
1016
1068
1056
1068
1059
1068
1056
1070
1061
1069
1064
1068
1062
1074
1062
1076
1056
1072
1060
1070
1061
1074
1066
1072
1066
1068
1066
1065
1061
1069
1057
1072
1068
1065
1070
1072
1057
1068
1064
1068
1064
1067
1070
1028
1064
1068
1062
1068
1061
1072
1071
1067
1062
1062
1064
1068
1064
1068
1068
1060
1060
1016
1048
1059
1064
1063
1065
1060
1059
1058
1056
1027
1053
1056
1056
1062
1068
1057
1060
1060
1055
1062
1054
1068
1059
1066
1056
1063
1055
1072
1052
1062
1056
1056
1055
1063
1054
1060
1056
1058
1062
1057
1058
1054
1052
1065
1060
1061
1048
1058
1058
1049
1062
1056
1062
1061
1069
1056
1061
1014
1036
1058
1057
1062
1060
1054
1058
1058
1062
1055
1058
1056
1056
1060
1058
1060
1060
1057
1064
1059
1065
1059
1054
1059
1058
1056
1055
1064
1051
1056
1048
1065
1054
1060
1058
1058
1063
1058
1061
1029
1057
1056
1060
1060
1063
1064
1063
1058
1066
1068
1072
1060
1071
1056
1065
1056
1068
1056
1065
1057
1072
1054
1074
1052
1068
1055
1064
1064
1067
1069
1064
1064
1068
1061
1070
1062
1062
1065
1072
1064
1069
1062
1064
1060
1063
1059
1059
1060
1070
1062
1063
1072
1062
1067
1072
1062
1059
1064
1072
1067
1064
1060
1067
1064
1057
1064
1061
1064
1016
1064
1058
1066
1056
1067
1060
1064
1059
1061
1056
1061
1057
1060
1063
1062
1057
1058
1059
1060
1060
1060
1059
1056
1059
1061
1056
1062
1061
1055
1060
1056
1064
1046
1062
1054
1060
1054
1063
1052
1059
1055
1062
1057
1057
1051
1056
1056
1053
1057
1055
1058
1056
1057
1058
1055
1060
1050
1053
1056
1053
1056
1048
1058
1047
1044
1048
1064
1048
1061
1056
1062
1054
1059
1054
1063
1042
1052
1056
1060
1056
1059
1062
1056
1057
1055
1054
1060
1019
1050
1064
1052
1056
1053
1058
1052
1059
1061
1061
1060
1063
1054
1058
1060
1062
1055
1066
1061
1058
1059
1062
1056
1054
1060
1057
1054
1063
1065
1052
1064
1051
1064
1044
1061
1052
1057
1055
1058
1056
1062
1060
1062
1052
1057
1062
1056
1060
1057
1057
1060
1058
1052
1054
1057
1059
1056
1035
1052
1071
1060
1062
1062
1066
1054
1064
1058
1012
1059
1053
1054
1052
1052
1051
1055
1055
1062
1053
1062
1049
1068
1056
1068
1056
1060
1054
1060
1052
1060
1055
1052
1023
1057
1058
1054
1062
1007
1060
1052
1062
1049
1059
1052
1070
1054
1062
1048
1064
1060
1061
1054
1062
1059
1064
1057
1072
1056
1056
1055
1059
1055
1054
1054
1053
1058
1064
1051
1056
1056
1052
1061
1054
1062
1051
1060
1053
1075
1054
1065
1055
1068
1062
1061
1056
1063
1054
1063
1054
1050
1057
1060
1051
1051
1051
1060
1054
1052
1060
1050
1064
1054
1065
1056
1061
1050
1068
1051
1059
1049
1061
1052
1059
1048
1057
1052
1063
1055
1060
1050
1059
1052
1057
1053
1054
1056
1058
1056
1057
1062
1055
1063
1057
1057
1050
1058
1054
1058
1045
1065
1056
1067
1049
1064
1050
1062
1056
1062
1049
1053
1049
1060
1050
1058
1064
1056
1056
1052
1055
1052
1060
1063
1057
1052
1054
1043
1026
1051
1062
1046
1065
1056
1062
1053
1060
1054
1062
1053
1058
1053
1059
1052
1055
1057
1054
1037
1054
1055
1048
1061
1056
1068
1052
1065
1057
1066
1052
1065
1053
1064
1056
1068
1048
1069
1051
1059
1051
1059
1053
1057
1056
1061
1056
1058
1054
1018
1065
1050
1069
1048
1065
1053
1063
1051
1062
1048
1060
1048
1061
1052
1060
1049
1057
1053
1055
1052
1056
1054
1060
1060
1057
1056
1052
1059
1059
1055
1050
1051
1056
1063
1046
1060
1060
1062
1049
1062
1040
1059
1052
1059
1047
1062
1052
1056
1041
1059
1061
1061
1052
1059
1053
1057
1053
1060
1062
1054
1060
1054
1063
1047
1060
1044
1072
1048
1070
1047
1063
1054
1068
1056
1062
1056
1062
1054
1056
1053
1063
1060
1055
1054
1061
1052
1067
1057
1058
1058
1055
1059
1056
1063
1051
1060
1042
1064
1053
1066
1053
1068
1048
1070
1046
1065
1038
1056
1055
1064
1052
1060
1059
1053
1046
1057
1056
1062
1054
1061
1057
1060
1066
1061
1069
1052
1060
1027
1067
1048
1064
1048
1066
1052
1063
1048
1067
1054
1066
1051
1056
1056
1064
1053
1069
1056
1056
1052
1056
1056
1063
1058
1052
1055
1051
1063
1054
1062
1048
1062
1047
1053
1046
1056
1046
1060
1055
1068
1056
1075
1052
1062
1059
1068
1056
1066
1052
1056
1061
1060
1059
1064
1054
1054
1060
1059
1059
1058
1062
1056
1068
1049
1062
1042
1068
1048
1068
1052
1063
1050
1066
1050
1064
1046
1065
1054
1066
1048
1065
1046
1056
1054
1053
1049
1062
1059
1060
1064
1056
1066
1055
1059
1051
1066
1057
1068
1064
1068
1054
1065
1056
1064
1061
1068
1051
1029
1048
1059
1058
1056
1052
1062
1060
1054
1058
1056
1064
1056
1065
1055
1076
1048
1070
1053
1070
1049
1060
1038
1056
1047
1057
1057
1056
1052
1061
1051
1056
1061
1059
1062
1060
1057
1055
1068
1062
1064
1056
1063
1048
1051
1055
1060
1049
1070
1048
1067
1058
1070
1060
1064
1048
1060
1056
1066
1019
1064
1064
1056
1060
1053
1065
1053
1068
1050
1064
1048
1060
1051
1062
1049
1063
1056
1063
1057
1062
1052
1064
1049
1068
1057
1059
1054
1063
1052
1050
1056
1052
1060
1051
1064
1053
1060
1054
1039
1048
1063
1051
1064
1047
1068
1057
1066
1054
1070
1049
1067
1056
1059
1060
1063
1051
1061
1062
1055
1046
1043
1061
1054
1054
1056
1063
1051
1037
1048
1067
1052
1067
1052
1070
1049
1062
1056
1061
1050
1057
1049
1057
1054
1051
1052
1053
1048
1057
1062
1055
1063
1059
1068
1058
1072
1056
1066
1056
1065
1053
1063
1052
1068
1064
1072
1054
1063
1052
1063
1059
1068
1057
1074
1048
1064
1059
1067
1060
1072
1004
1068
1059
1061
1055
1059
1054
1068
1064
1058
1059
1060
1058
1058
1060
1060
1066
1054
1060
1054
1068
1072
1068
1054
1080
1053
1066
1057
1070
1060
1068
1051
1072
1064
1072
1052
1053
1043
1061
1048
1067
1052
1064
1053
1064
1056
1063
1055
1072
1052
1068
1050
1059
1052
1058
1052
1022
1084
1082
1066
1048
1064
1050
1062
1056
1056
1043
1064
1043
1056
1040
1060
1046
1060
1057
1064
1034
1059
1070
1073
1044
1056
1108
1053
1068
1024
1040
1054
1052
1043
1114
1092
1074
1092
1042
1027
1049
1050
1036
1029
1049
1056
1084
1116
1097
1096
1105
1085
1166
1122
1234
1146
1216
1174
1285
1254
1327
1368
1488
1481
1447
1456
1672
1408
1456
1465
1530
1644
1592
1792
1792
1760
1819
1806
1824
1970
2138
2060
2101
2166
2338
2320
2457
2498
2408
2450
2640
2537
2712
2744
2552
2692
2644
2620
2858
2672
2787
2754
2904
3050
2960
2880
3064
2948
3041
3073
2965
2997
3060
3036
3168
3271
3192
3160
3006
3124
3160
3152
3144
3252
3180
3224
3252
3171
3288
3320
3392
3216
3224
3336
3340
3416
3296
3270
3344
3342
3508
3340
3300
3272
3494
3464
3520
3442
3456
3428
3376
3435
3446
3408
3498
3384
3419
3420
3448
3504
3377
3308
3186
3444
3516
3516
3466
3399
3392
3364
3347
3424
3236
3275
3172
3406
3264
3400
3236
3220
3201
3352
3268
3170
2996
3186
3190
3090
3158
3184
2988
2996
3136
3146
2992
3040
3049
3072
3056
2976
2986
2936
2852
2721
2816
2860
2614
2486
2474
2528
2680
2493
2428
2378
2287
2200
2202
1880
1741
1841
2164
1934
1951
1807
1734
1810
1790
1824
1600
1440
1369
1458
1578
1582
1286
1302
1308
1330
1283
1136
1328
1144
1165
1243
1136
1184
1220
1132
1112
1098
1151
1148
1098
1069
1084
1113
1118
1096
1080
1080
1093
1088
1102
1064
1065
1058
1070
1060
1068
1085
1054
1058
1042
1050
1056
1063
1075
1056
1049
1055
1052
1060
1052
1060
1055
1056
1048
1058
1048
1060
1054
1056
1057
1056
1054
1061
1055
1057
1051
1056
1057
1046
1058
1056
1056
1054
1060
1052
1063
1063
1063
1052
1065
1057
1061
1054
1055
1056
1057
1048
1052
1051
1050
1045
1021
1054
1057
1056
1056
1048
1049
1054
1057
1067
1054
1062
1056
1060
1051
1066
1050
1066
1050
1063
1048
1064
1051
1065
1050
1059
1052
1057
1057
1058
1052
1051
1054
1050
1048
1057
1051
1050
1050
1053
1057
1050
1056
1060
1062
1050
1057
1046
1065
1046
1062
1054
1063
1050
1063
1059
1062
1049
1062
1062
1056
1048
1057
1057
1056
1048
1056
1055
1051
1061
1056
1063
1048
1060
1049
1065
1028
1058
1048
1060
1062
1063
1043
1054
1052
1052
1054
1059
1054
1053
1047
1050
1051
1048
1064
1052
1068
1020
1052
1056
1064
1053
1056
1054
1060
1056
1062
1026
1048
1063
1048
1062
1051
1060
1048
1062
1053
1051
1045
1062
1047
1061
1048
1056
1049
1054
1054
1056
1056
1056
1052
1054
1059
1015
1056
1057
1031
1048
1057
1041
1057
1048
1063
1054
1056
1052
1056
1052
1056
1052
1059
1028
1062
1062
1056
1060
1052
1059
1052
1060
