- Jet Lab

- Experiment date = 2021-11-18 13:57:37
- Number of samples in measure = 1800
- Number of motor steps between measures = 1
- Measures count = 1800

- adc12bit
1051
1065
1057
1068
1062
1062
1051
1068
1048
1064
1063
1068
1057
1066
1062
1066
1059
1062
1046
1060
1060
1060
1064
1059
1069
1060
1071
1053
1067
1063
1066
1052
1077
1068
1065
1058
1076
1056
1068
1058
1072
1065
1068
1061
1064
1056
1068
1068
1072
1062
1078
1052
1060
1053
1059
1068
1065
1064
1068
1058
1069
1072
1072
1057
1073
1028
1064
1059
1060
1061
1056
1068
1064
1063
1060
1064
1062
1061
1073
1070
1062
1065
1052
1071
1051
1074
1052
1066
1058
1060
1056
1058
1052
1060
1055
1065
1057
1068
1060
1066
1055
1067
1057
1057
1054
1063
1068
1059
1063
1056
1028
1054
1072
1050
1064
1048
1072
1057
1069
1062
1031
1057
1068
1055
1067
1057
1068
1057
1058
1069
1056
1050
1056
1065
1056
1068
1056
1064
1049
1070
1061
1064
1055
1036
1054
1066
1061
1063
1066
1060
1052
1064
1058
1063
1063
1065
1060
1062
1062
1052
1062
1056
1060
1058
1063
1056
1068
1058
1068
1053
1064
1062
1064
1055
1061
1060
1062
1058
1063
1056
1062
1053
1062
1056
1059
1059
1065
1062
1065
1066
1060
1060
1064
1063
1062
1068
1064
1058
1026
1068
1060
1065
1052
1071
1064
1069
1060
1068
1060
1069
1060
1064
1064
1072
1056
1072
1055
1064
1019
1056
1059
1063
1063
1066
1052
1062
1064
1064
1033
1052
1075
1057
1072
1054
1065
1055
1065
1057
1030
1054
1063
1056
1066
1054
1062
1055
1062
1054
1063
1060
1060
1059
1067
1058
1062
1067
1057
1064
1057
1068
1054
1068
1062
1075
1061
1072
1065
1070
1062
1065
1056
1063
1056
1069
1060
1066
1060
1066
1057
1065
1058
1067
1063
1058
1059
1064
1058
1064
1064
1066
1059
1064
1057
1036
1062
1061
1068
1045
1073
1059
1072
1052
1070
1055
1058
1052
1063
1054
1066
1056
1064
1056
1064
1062
1069
1058
1060
1026
1059
1064
1065
1066
1067
1068
1067
1061
1062
1067
1062
1066
1056
1067
1064
1062
1062
1068
1061
1078
1058
1073
1056
1063
1048
1063
1049
1070
1053
1066
1056
1060
1064
1063
1057
1065
1058
1062
1060
1063
1055
1068
1066
1065
1057
1062
1064
1061
1059
1060
1055
1063
1061
1063
1065
1062
1064
1056
1068
1056
1072
1056
1075
1056
1070
1052
1072
1056
1066
1052
1068
1059
1029
1055
1067
1064
1064
1060
1068
1059
1065
1052
1059
1054
1056
1058
1058
1063
1060
1064
1061
1067
1058
1060
1056
1072
1060
1063
1060
1067
1058
1055
1066
1062
1062
1060
1066
1061
1066
1057
1072
1062
1066
1056
1076
1057
1064
1059
1072
1056
1072
1053
1065
1060
1064
1056
1072
1062
1078
1061
1070
1056
1078
1058
1070
1057
1064
1061
1062
1063
1060
1066
1065
1064
1064
1062
1064
1064
1066
1060
1063
1062
1062
1051
1059
1052
1064
1055
1062
1056
1064
1059
1056
1064
1058
1060
1048
1064
1050
1063
1057
1059
1054
1060
1052
1064
1058
1063
1058
1056
1063
1056
1062
1058
1056
1011
1066
1056
1064
1046
1066
1051
1061
1048
1056
1058
1052
1057
1059
1054
1066
1056
1060
1059
1056
1058
1059
1054
1062
1055
1053
1059
1062
1063
1054
1062
1047
1060
1035
1045
1056
1060
1053
1066
1009
1062
1058
1066
1062
1064
1065
1060
1060
1056
1037
1048
1060
1048
1074
1045
1065
1051
1065
1057
1060
1051
1069
1058
1056
1055
1065
1052
1052
1056
1060
1052
1058
1054
1060
1058
1050
1056
1048
1058
1051
1070
1054
1064
1060
1068
1053
1063
1049
1025
1052
1058
1051
1057
1049
1050
1058
1056
1054
1056
1064
1054
1064
1052
1065
1056
1056
1050
1071
1054
1065
1052
1064
1059
1060
1052
1056
1052
1062
1058
1062
1052
1060
1056
1061
1053
1059
1060
1021
1051
1042
1060
1048
1067
1056
1061
1054
1056
1054
1059
1056
1063
1054
1066
1054
1062
1056
1059
1055
1056
1045
1063
1054
1051
1065
1054
1059
1057
1068
1061
1064
1058
1068
1048
1064
1046
1070
1052
1065
1052
1060
1052
1063
1056
1062
1052
1064
1049
1062
1050
1060
1052
1056
1060
1061
1058
1053
1060
1049
1065
1052
1062
1054
1063
1049
1072
1056
1032
1054
1060
1050
1065
1053
1061
1056
1055
1050
1039
1050
1053
1063
1059
1062
1052
1060
1052
1072
1052
1068
1051
1068
1056
1063
1052
1061
1053
1062
1046
1057
1060
1060
1057
1068
1065
1065
1056
1063
1056
1067
1052
1059
1052
1058
1056
1067
1055
1055
1060
1056
1060
1049
1063
1059
1066
1052
1066
1058
1068
1049
1067
1055
1064
1052
1064
1052
1049
1050
1058
1059
1062
1052
1062
1056
1056
1059
1052
1045
1050
1070
1058
1065
1058
1067
1056
1064
1052
1066
1051
1063
1050
1066
1045
1066
1055
1066
1059
1068
1056
1064
1058
1067
1053
1063
1065
1064
1055
1059
1061
1054
1069
1051
1064
1055
1058
1057
1066
1058
1067
1053
1060
1048
1066
1052
1064
1047
1054
1058
1061
1058
1056
1056
1056
1054
1065
1058
1021
1062
1054
1069
1049
1064
1052
1066
1043
1062
1049
1064
1052
1065
1044
1062
1056
1064
1059
1058
1055
1064
1057
1055
1054
1053
1057
1059
1065
1052
1062
1051
1067
1048
1057
1051
1060
1050
1068
1027
1064
1045
1066
1060
1059
1052
1060
1060
1057
1061
1058
1052
1060
1059
1056
1066
1060
1056
1062
1064
1055
1064
1050
1063
1056
1068
1052
1066
1053
1065
1054
1064
1048
1064
1048
1065
1055
1059
1051
1058
1052
1053
1033
1053
1062
1052
1057
1018
1069
1052
1068
1054
1068
1049
1069
1058
1063
1016
1052
1064
1057
1051
1054
1060
1056
1064
1054
1065
1051
1072
1054
1068
1048
1067
1049
1070
1044
1065
1053
1065
1054
1061
1053
1060
1053
1062
1052
1056
1058
1057
1054
1052
1057
1058
1057
1048
1067
1056
1072
1055
1070
1054
1072
1060
1066
1051
1067
1052
1068
1053
1067
1059
1067
1054
1060
1056
1060
1052
1066
1049
1055
1057
1060
1056
1055
1066
1054
1068
1054
1057
1052
1062
1054
1065
1053
1062
1052
1062
1027
1062
1048
1065
1052
1060
1056
1058
1019
1052
1063
1058
1068
1059
1066
1058
1058
1056
1063
1049
1075
1050
1064
1056
1068
1057
1062
1052
1064
1052
1061
1056
1065
1054
1063
1050
1062
1052
1060
1057
1039
1057
1048
1061
1052
1067
1050
1064
1051
1066
1048
1066
1052
1071
1052
1063
1053
1036
1056
1059
1054
1062
1053
1056
1054
1061
1060
1014
1060
1048
1064
1049
1067
1053
1061
1052
1066
1056
1063
1055
1062
1052
1061
1052
1062
1050
1055
1050
1054
1057
1058
1059
1044
1060
1052
1063
1050
1060
1051
1072
1044
1072
1049
1068
1045
1068
1050
1073
1052
1057
1055
1066
1050
1068
1048
1064
1024
1068
1058
1059
1064
1060
1085
1057
1065
1046
1065
1059
1064
1053
1062
1050
1066
1060
1068
1057
1061
1054
1060
1043
1060
1052
1056
1046
1039
1059
1050
1060
1048
1069
1057
1065
1051
1073
1045
1066
1053
1063
1041
1073
1052
1071
1056
1072
1066
1064
1052
1016
1091
1107
1068
1072
1072
1063
1030
1049
1078
1065
1063
1068
1100
1077
1077
1053
1064
1088
1078
1056
1088
1086
1076
1088
1105
1059
1052
1090
1116
1085
1096
1186
1117
1068
1094
1146
1081
1134
1068
1089
1137
1136
1083
1083
1082
1118
1097
1118
1129
1140
1126
1091
1099
1108
1080
1172
1110
1124
1136
1128
1138
1120
1083
1100
1100
1171
1103
1166
1176
1156
1232
1212
1305
1182
1181
1205
1216
1131
1268
1276
1240
1209
1164
1293
1264
1167
1282
1188
1324
1242
1340
1350
1433
1460
1507
1294
1468
1514
1516
1438
1536
1675
1630
1600
1636
1548
1528
1698
1693
1882
1703
1420
1620
1800
1820
1855
2039
1873
1987
1996
1983
1972
1990
1766
1836
1982
1874
1795
2000
2052
1940
1920
2003
1798
2041
1895
1987
2296
2094
2274
2105
2208
2328
2436
2312
2432
2352
2202
2401
2504
2464
2384
2328
2187
2304
2318
2445
2630
2438
2540
2433
2504
2534
2680
2619
2765
2660
2668
2592
2752
2833
2758
2723
2811
2660
2808
2852
2937
2777
2880
2934
2944
3028
2852
2880
2956
3156
2952
2940
2954
2898
3128
3104
3168
3170
3060
2983
3114
3188
3153
3184
3038
3058
3124
3156
3061
3144
3116
3184
3228
3136
3232
3180
3096
3096
3080
3018
3087
2998
3080
3040
2944
2972
2950
2976
3024
3048
2976
2961
2856
2928
2956
2952
3022
2896
2780
2784
2755
2872
2964
2860
2920
2906
2740
2972
2826
2716
2668
2780
2680
2804
2704
2720
2804
2688
2492
2378
2608
2585
2546
2648
2374
2328
2496
2206
2386
2451
2310
2208
2393
2424
2304
2076
2100
1995
2096
1901
2118
1957
1952
1888
1776
1776
1872
1806
1689
1732
1808
1700
1496
1638
1628
1728
1633
1618
1572
1620
1430
1491
1652
1424
1513
1413
1384
1478
1416
1342
1448
1392
1436
1490
1376
1260
1278
1264
1224
1234
1208
1148
1240
1197
1255
1186
1248
1232
1198
1243
1136
1113
1192
1092
1098
1143
1201
1092
1183
1087
1159
1111
1097
1104
1113
1078
1136
1134
1116
1107
1110
1048
1108
1112
1074
1070
1066
1051
1098
1056
1060
1056
1066
1065
1068
1048
1065
1071
1081
1061
1068
1048
1072
1061
1064
1072
1062
1049
1059
1048
1054
1058
1056
1063
1059
1060
1052
1060
1051
1064
1074
1074
1056
1060
1058
1064
1021
1062
1048
1064
1052
1064
1009
1062
1056
1063
1066
1054
1056
1065
1060
1059
1030
1045
1071
1048
1072
1045
1058
1054
1070
1051
1032
1054
1064
1053
1068
1059
1064
1055
1068
1064
1060
1059
1068
1050
1064
1058
1065
1056
1069
1060
1059
1056
1059
1058
1063
1056
1067
1056
1052
1064
1060
1060
1062
1060
1056
1075
1058
1068
1045
1071
1048
1067
1054
1063
1056
1074
1056
1068
1060
1068
1055
1068
1052
1059
1053
1058
1063
1060
1062
1062
1063
1058
1058
1061
1059
1053
1063
1064
1059
1057
1070
1059
1063
1047
1064
1046
1063
1049
1064
1048
1066
1051
1070
1056
1063
1055
1063
1060
1059
1060
1059
1059
1064
1068
1054
1068
1056
1064
1055
1067
1052
1060
1053
1064
1052
1068
1049
1062
1052
1071
1052
1062
1052
1072
1057
1063
1052
1027
1054
1052
1058
1060
1056
1057
1059
1051
1060
1051
1057
1054
1065
1049
1062
1050
1066
1054
1060
1029
1056
1052
1061
1056
1059
1057
1065
1053
1063
1048
1057
1051
1057
1059
1057
1057
1059
1058
1054
1067
1056
1064
1052
1059
1050
1066
1053
1060
1048
1026
1059
1062
1054
1057
1054
1053
1052
1054
1047
1053
1059
1056
1056
1057
1057
1049
1060
1012
1055
1054
1067
1055
1060
1054
1065
1052
1065
1046
1024
1048
