- Jet Lab

- Experiment date = 2021-11-18 13:58:43
- Number of samples in measure = 1800
- Number of motor steps between measures = 1
- Measures count = 1800

- adc12bit
1066
1057
1060
1066
1063
1055
1060
1051
1054
1056
1062
1060
1062
1058
1063
1055
1059
1060
1059
1057
1056
1062
1072
1059
1053
1060
1058
1050
1067
1062
1058
1064
1067
1059
1064
1064
1062
1069
1058
1076
1065
1072
1061
1072
1068
1072
1065
1072
1060
1070
1064
1075
1057
1064
1051
1068
1061
1070
1064
1066
1062
1060
1066
1073
1060
1064
1062
1064
1060
1059
1064
1070
1060
1068
1066
1070
1060
1066
1067
1057
1063
1062
1060
1062
1060
1053
1064
1059
1068
1060
1070
1055
1070
1056
1076
1060
1070
1057
1072
1060
1072
1036
1060
1058
1064
1048
1060
1060
1066
1056
1073
1063
1064
1064
1028
1055
1070
1053
1062
1052
1063
1059
1052
1059
1062
1065
1062
1064
1058
1065
1064
1065
1058
1021
1055
1060
1060
1062
1062
1066
1060
1037
1045
1055
1052
1059
1056
1062
1062
1061
1059
1056
1060
1064
1059
1052
1060
1062
1067
1060
1068
1059
1066
1059
1061
1056
1068
1053
1066
1056
1065
1059
1033
1057
1068
1058
1066
1056
1070
1064
1072
1059
1062
1058
1060
1052
1063
1058
1062
1056
1063
1056
1069
1060
1072
1066
1063
1056
1056
1065
1052
1068
1059
1072
1062
1064
1060
1063
1066
1067
1057
1065
1066
1068
1063
1062
1060
1062
1059
1071
1057
1061
1056
1060
1060
1060
1060
1064
1057
1058
1059
1061
1065
1056
1071
1059
1068
1057
1065
1059
1067
1052
1063
1056
1060
1054
1063
1054
1052
1048
1060
1057
1063
1053
1069
1062
1059
1056
1059
1059
1060
1067
1054
1064
1053
1063
1058
1065
1052
1064
1057
1065
1060
1057
1060
1062
1058
1059
1052
1058
1054
1059
1052
1059
1062
1057
1060
1061
1059
1064
1065
1060
1073
1055
1072
1056
1065
1054
1061
1055
1065
1055
1068
1068
1066
1066
1070
1069
1064
1063
1063
1072
1068
1062
1061
1049
1069
1056
1066
1062
1056
1063
1063
1068
1070
1064
1064
1066
1062
1064
1064
1066
1057
1068
1059
1065
1061
1065
1058
1080
1066
1077
1053
1068
1054
1066
1053
1066
1060
1065
1062
1068
1058
1068
1059
1068
1066
1064
1066
1072
1063
1068
1072
1068
1068
1068
1070
1072
1070
1065
1059
1056
1050
1061
1055
1056
1055
1056
1060
1057
1062
1056
1068
1060
1063
1052
1038
1050
1062
1021
1059
1057
1053
1048
1059
1057
1057
1057
1054
1057
1065
1060
1060
1057
1062
1069
1018
1063
1055
1067
1058
1067
1056
1068
1059
1060
1057
1062
1026
1064
1048
1064
1060
1061
1064
1063
1065
1064
1062
1059
1064
1060
1073
1059
1068
1064
1065
1059
1072
1048
1072
1054
1069
1052
1072
1060
1067
1047
1067
1057
1071
1058
1064
1058
1060
1059
1066
1056
1070
1064
1070
1062
1069
1059
1063
1064
1067
1064
1064
1056
1064
1060
1063
1062
1068
1063
1064
1062
1064
1058
1066
1060
1058
1062
1066
1063
1073
1032
1048
1061
1047
1051
1052
1052
1054
1049
1050
1058
1057
1065
1064
1060
1064
1068
1056
1064
1052
1057
1053
1058
1061
1057
1063
1054
1066
1055
1067
1048
1062
1051
1057
1050
1065
1043
1058
1056
1054
1054
1065
1060
1065
1060
1056
1050
1066
1066
1061
1048
1054
1057
1056
1060
1060
1063
1060
1070
1058
1070
1048
1061
1060
1062
1052
1065
1053
1060
1059
1058
1060
1063
1060
1062
1068
1059
1060
1065
1057
1056
1054
1060
1052
1058
1061
1058
1058
1060
1064
1048
1062
1064
1064
1055
1064
1048
1060
1054
1059
1054
1060
1056
1066
1052
1061
1058
1058
1062
1057
1056
1067
1058
1060
1053
1061
1056
1061
1060
1053
1057
1051
1062
1054
1066
1056
1068
1055
1066
1055
1070
1056
1061
1054
1065
1053
1062
1061
1065
1054
1056
1056
1053
1056
1054
1056
1009
1063
1058
1064
1055
1064
1056
1067
1059
1072
1057
1069
1056
1060
1054
1066
1052
1062
1055
1059
1060
1059
1058
1071
1060
1060
1054
1056
1068
1056
1056
1050
1068
1057
1069
1053
1068
1049
1064
1049
1062
1052
1071
1054
1062
1052
1058
1052
1059
1051
1058
1057
1065
1056
1064
1070
1062
1061
1058
1069
1049
1058
1055
1062
1054
1068
1062
1064
1048
1065
1048
1064
1054
1060
1057
1059
1044
1063
1050
1058
1052
1060
1056
1060
1052
1056
1056
1055
1055
1051
1057
1052
1068
1059
1064
1050
1064
1050
1063
1056
1067
1047
1065
1052
1056
1056
1061
1059
1067
1060
1062
1058
1057
1056
1060
1055
1063
1054
1059
1057
1055
1059
1056
1062
1052
1063
1058
1064
1059
1063
1048
1061
1048
1064
1053
1068
1054
1059
1044
1065
1059
1069
1046
1059
1054
1056
1054
1048
1064
1062
1063
1058
1068
1060
1064
1052
1062
1052
1060
1048
1065
1051
1066
1051
1060
1052
1062
1058
1057
1052
1057
1057
1059
1051
1060
1056
1052
1033
1049
1067
1046
1068
1052
1079
1051
1070
1053
1038
1057
1057
1056
1055
1038
1043
1063
1047
1066
1055
1070
1044
1068
1052
1060
1044
1067
1051
1065
1056
1057
1054
1064
1054
1059
1059
1063
1015
1058
1064
1049
1067
1054
1064
1053
1069
1048
1059
1052
1072
1052
1060
1047
1067
1049
1067
1048
1064
1056
1071
1048
1060
1027
1059
1046
1056
1052
1060
1056
1052
1062
1056
1074
1064
1070
1056
1064
1014
1064
1049
1072
1054
1060
1051
1051
1055
1062
1049
1064
1049
1072
1078
1061
1054
1068
1074
1062
1068
1054
1053
1074
1074
1063
1076
1062
1084
1057
1064
1047
1059
1036
1063
1050
1072
1051
1067
1048
1088
1060
1069
1062
1098
1068
1074
1062
1068
1033
1088
1076
1062
1104
1110
1123
1060
1118
1116
1053
1157
1098
1080
1116
1109
1065
1070
1089
1072
1138
1076
1111
1115
1075
1083
1111
1178
1107
1168
1068
1104
1142
1197
1127
1086
1114
1071
1086
1093
1088
1149
1081
1098
1084
1080
1132
1132
1164
1226
1167
1150
1200
1140
1232
1187
1092
1194
1251
1212
1249
1169
1243
1201
1289
1240
1232
1218
1210
1166
1140
1134
1270
1241
1234
1102
1160
1174
1166
1112
1260
1266
1188
1243
1224
1393
1304
1292
1344
1258
1270
1224
1213
1302
1331
1467
1232
1363
1332
1296
1186
1315
1296
1384
1464
1442
1383
1347
1417
1417
1300
1490
1482
1384
1234
1342
1396
1520
1455
1443
1339
1565
1496
1428
1570
1734
1428
1498
1532
1443
1689
1570
1533
1742
1749
1709
1571
1684
1884
1819
1937
1713
1779
1872
1760
1710
1912
1905
1939
1848
1984
1867
1896
1868
1813
1864
1876
2090
2030
1966
2020
2137
2158
2248
2150
2203
2272
2134
2144
2171
2183
2202
2161
2478
2225
2163
2337
2131
2320
2350
2260
2599
2322
2321
2384
2417
2413
2624
2509
2638
2480
2604
2708
2456
2498
2386
2636
2499
2716
2470
2612
2384
2617
2562
2503
2748
2743
2940
2904
2801
2714
2816
2742
2810
2467
2528
2984
2912
2774
2673
2666
2752
2745
2791
2640
2590
2665
2828
2739
2736
2476
2676
2646
2816
2732
2836
2562
2633
2944
2858
2723
2698
2704
2588
2631
2692
2608
2560
2455
2472
2268
2547
2636
2455
2472
2480
2580
2342
2504
2308
2456
2353
2342
2272
2324
2288
2344
2048
2316
2360
2182
2247
2185
1954
2140
2139
2082
2196
1914
2016
2043
1878
1932
2052
2053
1952
2048
2024
2112
1808
1945
2068
1864
2082
1896
1796
1612
1724
1601
1684
1625
1685
1591
1620
1666
1720
1600
1434
1368
1632
1680
1596
1602
1835
1532
1523
1643
1401
1352
1254
1427
1296
1366
1476
1462
1396
1264
1350
1310
1344
1484
1224
1292
1360
1392
1382
1370
1398
1347
1152
1364
1290
1281
1176
1102
1196
1092
1112
1265
1220
1110
1301
1192
1190
1179
1159
1136
1203
1144
1272
1204
1120
1155
1122
1201
1148
1114
1154
1111
1130
1083
1092
1144
1155
1098
1172
1104
1070
1072
1100
1092
1095
1078
1052
1117
1061
1096
1072
1060
1069
1060
1095
1100
1062
1080
1088
1064
1043
1074
1057
1069
1060
1058
1054
1059
1054
1060
1050
1067
1056
1019
1044
1056
1052
1053
1074
1057
1049
1052
1054
1060
1055
1064
1063
1071
1057
1060
1064
1072
1053
1049
1033
1052
1062
1051
1060
1048
1068
1045
1072
1048
1067
1049
1065
1050
1065
1050
1067
1053
1065
1053
1057
1048
1060
1057
1066
1051
1065
1053
1065
1053
1062
1057
1059
1051
1051
1067
1050
1060
1057
1064
1048
1066
1052
1065
1046
1056
1044
1062
1041
1064
1055
1060
1056
1065
1051
1070
1056
1060
1058
1064
1059
1060
1058
1059
1056
1064
1052
1028
1056
1063
1066
1053
1063
1060
1068
1056
1067
1017
1068
1054
1063
1049
1061
1046
1057
1048
1063
1046
1059
1048
1053
1055
1061
1054
1055
1049
1062
1052
1051
1056
1054
1062
1044
1056
1052
1058
1053
1061
1048
1069
1048
1063
1055
1067
1056
1065
1016
1056
1048
1055
1056
1052
1055
1060
1055
1048
1064
1053
1062
1049
1049
1050
1064
1050
1066
1056
1058
1049
1062
1056
1064
1051
1063
1050
1059
1056
1061
1049
1058
1056
1052
1055
1057
1056
1049
1060
1052
1054
1043
1055
1048
1060
1048
1068
1046
1016
1049
1046
1052
1062
1056
1060
1052
1053
1062
1057
1059
1054
1057
1044
1061
1047
1065
1052
1062
1048
1066
1053
1056
1050
1067
1052
1070
1051
1060
1045
1066
1049
1059
1057
1060
1054
1056
1057
1056
1056
1059
1058
1047
1067
1053
1062
1052
1068
1050
1061
1054
1058
1056
1059
1050
1064
1055
1053
1054
1058
1052
1052
1054
1054
1059
1065
1065
1054
1057
1061
1066
1062
1065
1062
1063
1056
1066
1054
1066
1052
1066
1056
1063
1055
1064
1055
1064
1056
1060
1054
1059
1056
1056
1055
1054
1058
1060
1060
1050
1058
1056
1058
1056
1066
1052
1062
1057
1059
1047
1041
1047
1059
1048
1055
1059
1059
1058
1024
1057
1062
1069
1054
1068
1053
1065
1056
1061
1008
1059
1055
1060
1052
1051
1054
1059
1052
1066
1057
1063
1063
1056
1066
1062
1064
1058
1065
1050
1068
1052
1065
1057
1064
1057
1072
1053
1067
1048
1057
1056
1066
1052
1066
1052
1056
1059
1058
1059
1052
1063
1063
1072
1056
1065
1057
1069
1047
1068
1048
1067
1047
1068
1056
1067
1060
1071
1050
1064
1055
1064
1052
1065
1041
1063
1054
1056
1057
1053
1072
1054
1066
1053
1066
1059
1066
1054
1072
1050
1061
1056
1061
1048
1058
1059
1070
1059
1060
1056
1059
1057
1059
1056
1054
1067
1064
1066
1059
1067
1057
1072
1053
1065
1058
1065
1050
1062
1050
1068
1050
1062
1061
1072
1056
1072
1057
1067
1055
1067
1059
1074
1053
1065
1058
1060
1050
1067
1054
1070
1054
1064
1053
1064
1058
1061
1057
1066
1030
