- Jet Lab

- Experiment date = 2021-11-18 14:03:01
- Number of samples in measure = 1800
- Number of motor steps between measures = 1
- Measures count = 1800

- adc12bit
1059
1062
1062
1070
1063
1064
1062
1061
1071
1056
1060
1060
1059
1056
1064
1045
1067
1065
1071
1060
1072
1066
1076
1062
1080
1061
1070
1059
1072
1061
1075
1059
1066
1061
1071
1060
1070
1067
1068
1065
1070
1060
1062
1067
1063
1072
1064
1062
1064
1073
1061
1059
1063
1074
1071
1073
1068
1075
1062
1066
1062
1078
1068
1070
1066
1072
1060
1070
1059
1068
1060
1073
1056
1066
1058
1068
1064
1072
1060
1069
1060
1066
1063
1068
1062
1069
1058
1061
1062
1068
1065
1072
1059
1062
1064
1065
1068
1064
1065
1059
1064
1063
1066
1060
1067
1056
1070
1051
1068
1063
1068
1062
1028
1053
1065
1052
1063
1056
1065
1062
1064
1066
1072
1054
1057
1059
1054
1062
1060
1060
1057
1040
1055
1058
1056
1058
1065
1064
1062
1062
1057
1060
1049
1068
1051
1072
1056
1066
1065
1058
1059
1068
1053
1064
1056
1068
1060
1058
1064
1064
1057
1060
1059
1058
1060
1058
1057
1056
1060
1056
1064
1058
1065
1054
1066
1056
1060
1052
1064
1055
1057
1054
1070
1056
1068
1061
1056
1056
1048
1056
1062
1053
1056
1060
1056
1057
1057
1053
1059
1057
1016
1064
1052
1068
1063
1067
1058
1068
1062
1073
1016
1067
1060
1060
1053
1060
1056
1054
1056
1064
1061
1062
1060
1057
1064
1060
1072
1062
1064
1055
1065
1053
1066
1062
1064
1060
1059
1058
1064
1053
1060
1061
1057
1070
1059
1056
1049
1067
1046
1058
1055
1052
1060
1064
1058
1072
1065
1060
1062
1063
1052
1060
1059
1058
1052
1060
1056
1065
1064
1059
1057
1059
1060
1053
1064
1059
1068
1056
1062
1060
1060
1059
1059
1054
1056
1058
1060
1059
1056
1058
1066
1057
1059
1060
1062
1057
1054
1060
1063
1064
1057
1062
1064
1072
1061
1063
1048
1062
1024
1068
1056
1062
1056
1069
1060
1063
1058
1064
1021
1055
1060
1060
1056
1058
1054
1057
1060
1051
1065
1054
1060
1052
1064
1054
1066
1052
1062
1056
1062
1055
1057
1053
1054
1053
1060
1047
1061
1056
1060
1058
1052
1056
1056
1016
1048
1060
1053
1019
1056
1060
1053
1053
1052
1061
1054
1063
1060
1057
1065
1062
1068
1063
1062
1057
1068
1059
1062
1057
1066
1059
1059
1058
1060
1058
1061
1062
1063
1057
1028
1051
1064
1056
1060
1062
1058
1060
1022
1068
1061
1068
1056
1063
1058
1065
1055
1064
1057
1068
1059
1061
1060
1061
1056
1062
1056
1072
1061
1054
1051
1059
1060
1060
1063
1059
1068
1050
1060
1052
1059
1059
1070
1052
1068
1054
1064
1048
1067
1054
1063
1056
1058
1056
1061
1052
1048
1058
1052
1053
1060
1055
1052
1058
1058
1060
1057
1023
1052
1075
1057
1069
1052
1067
1059
1068
1056
1058
1054
1064
1057
1063
1056
1061
1053
1062
1055
1063
1037
1060
1060
1056
1063
1059
1067
1056
1064
1053
1064
1055
1070
1053
1064
1056
1070
1056
1059
1057
1056
1061
1067
1063
1064
1060
1064
1052
1059
1056
1056
1057
1060
1054
1056
1065
1056
1063
1057
1062
1056
1072
1058
1070
1054
1064
1055
1034
1056
1062
1058
1063
1059
1061
1056
1061
1052
1048
1043
1044
1054
1061
1066
1052
1068
1056
1064
1062
1070
1056
1068
1059
1064
1057
1065
1062
1060
1062
1060
1055
1063
1060
1065
1060
1060
1052
1057
1056
1064
1056
1056
1061
1058
1057
1061
1068
1054
1058
1056
1068
1059
1068
1061
1060
1057
1060
1052
1060
1056
1060
1063
1068
1060
1063
1054
1061
1056
1071
1056
1062
1061
1059
1062
1065
1070
1059
1065
1057
1068
1056
1064
1055
1060
1052
1060
1059
1060
1058
1065
1062
1060
1061
1060
1064
1063
1058
1062
1054
1057
1054
1066
1056
1052
1060
1054
1068
1052
1057
1058
1072
1048
1064
1052
1070
1048
1057
1054
1058
1055
1057
1057
1059
1049
1056
1059
1060
1055
1066
1054
1066
1057
1066
1066
1060
1025
1055
1063
1060
1065
1059
1063
1056
1060
1052
1060
1060
1067
1060
1068
1049
1055
1059
1055
1052
1056
1060
1058
1059
1057
1058
1057
1066
1060
1070
1058
1063
1058
1066
1053
1068
1055
1065
1056
1032
1055
1062
1062
1059
1056
1064
1053
1039
1049
1054
1055
1052
1064
1055
1055
1053
1063
1058
1070
1017
1064
1048
1063
1050
1057
1050
1059
1059
1029
1050
1063
1056
1060
1068
1064
1068
1057
1062
1055
1061
1052
1061
1057
1064
1046
1056
1056
1063
1063
1069
1053
1062
1050
1063
1062
1058
1059
1070
1062
1058
1056
1056
1065
1052
1053
1057
1061
1035
1062
1059
1058
1056
1061
1050
1064
1048
1064
1060
1070
1056
1064
1054
1068
1057
1065
1059
1057
1047
1062
1050
1059
1051
1064
1063
1052
1052
1052
1055
1060
1058
1053
1068
1050
1067
1051
1067
1054
1064
1056
1064
1051
1078
1040
1068
1056
1058
1047
1064
1050
1068
1059
1056
1056
1045
1052
1049
1067
1068
1085
1056
1064
1068
1072
1044
1067
1058
1096
1055
1038
1062
1062
1104
1062
1064
1055
1060
1057
1056
1054
1056
1060
1053
1055
1072
1077
1062
1047
1064
1059
1076
1066
1081
1076
1097
1076
1088
1063
1087
1050
1059
1134
1086
1100
1083
1100
1122
1071
1110
1142
1100
1130
1112
1092
1088
1080
1112
1068
1082
1072
1072
1100
1098
1074
1088
1097
1096
1090
1091
1085
1096
1105
1097
1086
1088
1157
1112
1074
1122
1149
1094
1105
1123
1094
1089
1070
1171
1088
1193
1112
1136
1146
1129
1152
1132
1063
1112
1103
1164
1102
1111
1144
1186
1158
1182
1220
1165
1172
1156
1141
1142
1131
1090
1097
1120
1234
1277
1176
1244
1137
1103
1142
1242
1248
1112
1100
1127
1168
1179
1152
1146
1187
1260
1155
1110
1232
1268
1182
1251
1134
1259
1105
1321
1272
1200
1274
1122
1137
1286
1177
1224
1226
1356
1248
1188
1152
1243
1209
1249
1155
1103
1239
1240
1244
1267
1215
1283
1198
1309
1327
1211
1188
1174
1281
1264
1304
1284
1241
1283
1280
1378
1298
1340
1419
1273
1305
1325
1416
1398
1299
1379
1339
1560
1396
1390
1452
1410
1482
1386
1408
1482
1318
1374
1296
1519
1227
1441
1432
1344
1454
1556
1672
1421
1506
1568
1564
1560
1607
1684
1469
1514
1615
1578
1504
1578
1625
1520
1596
1650
1465
1816
1592
1790
1577
1780
1568
1544
1611
1617
1610
1662
1692
1719
1723
1792
1683
1716
1576
1964
1742
1824
1812
1872
1720
1884
1760
1703
1656
1732
1713
1784
1873
1836
1752
1856
2008
1827
1880
1728
1835
2048
1639
1752
2002
1834
1996
1804
1904
1862
1856
1886
1884
1776
1892
1867
2008
2008
1878
2082
2054
2112
2080
2097
1902
1928
1864
1992
2036
2060
2048
1959
2206
1974
2124
2078
1850
2142
2088
2296
2139
1992
2044
2010
1952
2010
2081
2088
2220
2136
2158
1986
2052
1886
1899
1946
1831
2150
2161
2120
2069
2032
2026
2072
2068
2094
2246
2144
2220
2048
1992
2088
2251
2092
1948
2049
1896
2000
1848
2124
2118
2088
2093
1955
2060
2041
2014
2066
1972
1888
2048
2150
2056
1888
1964
1932
1812
2009
2020
2097
1924
1748
1884
1827
1936
1676
1836
1719
1908
1818
1836
1857
2003
1728
1836
1792
1932
1852
1734
1665
1859
1606
1648
1696
1825
1631
1677
1936
1614
1609
1592
1784
1849
1726
1626
1602
1664
1648
1635
1725
1710
1709
1563
1512
1780
1463
1472
1622
1709
1568
1512
1571
1340
1545
1589
1652
1669
1509
1400
1459
1521
1446
1352
1553
1488
1488
1482
1392
1325
1504
1525
1397
1323
1342
1373
1362
1295
1290
1528
1444
1444
1292
1358
1376
1201
1394
1297
1135
1248
1266
1334
1340
1206
1305
1212
1346
1262
1273
1164
1277
1257
1253
1228
1152
1122
1134
1112
1256
1224
1258
1132
1157
1200
1262
1191
1220
1136
1129
1176
1124
1153
1136
1174
1133
1136
1155
1086
1226
1193
1242
1136
1113
1067
1152
1056
1197
1152
1088
1072
1219
1164
1111
1107
1140
1179
1134
1210
1081
1088
1222
1088
1284
1151
1140
1132
1094
1206
1067
1127
1062
1116
1100
1184
1076
1136
1123
1132
1112
1113
1218
1086
1110
1079
1096
1190
1080
1122
1068
1110
1068
1069
1093
1098
1078
1090
1085
1104
1120
1070
1125
1051
1064
1060
1052
1073
1071
1045
1100
1068
1057
1054
1049
1081
1072
1062
1061
1051
1050
1060
1095
1059
1057
1081
1056
1084
1057
1072
1059
1071
1046
1059
1052
1068
1041
1069
1052
1068
1046
1057
1052
1065
1040
1064
1046
1060
1052
1058
1048
1060
1055
1062
1064
1044
1064
1052
1075
1047
1054
1058
1044
1048
1059
1049
1062
1063
1056
1065
1050
1075
1062
1068
1061
1064
1059
1056
1049
1068
1047
1062
1051
1060
1048
1052
1053
1066
1049
1065
1049
1049
1056
1064
1060
1054
1040
1056
1054
1061
1052
1050
1067
1052
1073
1048
1062
1047
1063
1047
1058
1051
1053
1056
1062
1054
1059
1048
1068
1011
1059
1052
1060
1052
1056
1062
1059
1057
1054
1064
1052
1051
1057
1063
1048
1068
1045
1067
1044
1065
1055
1068
1050
1060
1053
1066
1055
1065
1019
1052
1065
1052
1056
1056
1065
1050
1059
1040
1068
1054
1059
1048
1063
1051
1073
1051
1064
1048
1069
1048
1061
1057
1064
1056
1060
1051
1057
1052
1064
1050
1062
1054
1060
1064
1056
1064
1053
1039
1048
1058
1054
1073
1052
1073
1053
1070
1051
1063
1050
1023
1060
1057
1054
1068
1056
1060
1059
1057
1048
1058
1062
1061
1057
1068
1063
1062
1063
1057
1064
1051
1064
1056
1075
1052
1060
1047
1074
1051
1072
1052
1058
1052
1067
1052
1056
1052
1066
1055
1054
1054
1060
1052
1065
1055
1054
1060
1055
1064
1053
1070
1056
1065
1053
1065
1046
1066
1053
1066
1058
1070
1057
1061
1048
1059
1057
1065
1060
1062
1053
1063
1053
1060
1054
1055
1055
1058
1055
1060
1056
1053
1066
1056
1072
1048
1062
1057
1059
1049
1071
1056
1067
1060
1065
1054
1061
1050
1061
1055
1060
1056
1055
1030
1051
1054
1046
1055
1056
1060
1056
1064
1054
1062
1059
1066
1052
1027
1054
1059
1056
1060
1056
1066
1056
1060
1053
1060
1056
1056
1060
1058
1063
1057
1062
1054
1063
1051
1060
1054
1066
1056
1059
1048
1060
1048
1060
1052
1064
1052
1062
1053
1057
1056
1064
1051
1040
1054
1053
1069
1055
1068
1051
1068
1055
1068
1057
1062
1058
1065
1052
1070
1059
1072
1016
1019
1063
1055
1064
1048
1065
1053
1063
1051
1063
1056
1064
1057
1070
1056
1063
1056
1059
1045
1056
1052
1060
1056
1056
1055
1063
1060
1051
1064
1059
1068
1062
1060
1054
1068
1059
1072
1061
1068
1052
1064
1048
